M phi_tot phi_unobs phi_low phi_up
1.01e+02 0.00e+00 0.00e+00 nan nan
1.17e+02 0.00e+00 0.00e+00 nan nan
1.35e+02 0.00e+00 0.00e+00 nan nan
1.56e+02 0.00e+00 0.00e+00 nan nan
1.81e+02 0.00e+00 0.00e+00 nan nan
2.09e+02 0.00e+00 0.00e+00 nan nan
2.41e+02 1.06e-21 1.70e-22 -7.49e-18 7.49e-18
2.78e+02 2.68e-18 4.29e-19 -2.26e-13 2.26e-13
3.21e+02 4.76e-16 7.62e-17 -9.59e-12 9.59e-12
3.71e+02 1.87e-14 2.99e-15 -6.02e-11 6.03e-11
4.29e+02 2.89e-13 4.62e-14 -4.26e-10 4.27e-10
4.95e+02 2.57e-12 4.11e-13 -2.65e-09 2.66e-09
5.72e+02 1.69e-11 2.70e-12 -1.14e-08 1.15e-08
6.60e+02 9.48e-11 1.52e-11 -3.56e-08 3.59e-08
7.63e+02 4.64e-10 7.42e-11 -8.43e-08 8.56e-08
8.81e+02 1.96e-09 3.14e-10 -1.63e-07 1.67e-07
1.02e+03 7.04e-09 1.13e-09 -2.64e-07 2.78e-07
1.18e+03 2.18e-08 3.49e-09 -3.80e-07 4.17e-07
1.36e+03 5.85e-08 9.36e-09 -4.97e-07 5.81e-07
1.57e+03 1.39e-07 2.22e-08 -6.03e-07 7.74e-07
1.81e+03 2.96e-07 4.74e-08 -6.95e-07 1.01e-06
2.09e+03 5.75e-07 9.20e-08 -7.62e-07 1.29e-06
2.42e+03 1.03e-06 1.65e-07 -8.01e-07 1.63e-06
2.79e+03 1.70e-06 2.72e-07 -8.05e-07 2.04e-06
3.22e+03 2.66e-06 4.26e-07 -7.62e-07 2.50e-06
3.72e+03 3.95e-06 6.32e-07 -6.59e-07 3.02e-06
4.30e+03 5.58e-06 8.93e-07 -5.01e-07 3.60e-06
4.96e+03 7.60e-06 1.22e-06 -2.57e-07 4.21e-06
5.73e+03 1.00e-05 1.60e-06 9.60e-08 4.80e-06
6.62e+03 1.28e-05 2.05e-06 5.45e-07 5.45e-06
7.65e+03 1.60e-05 2.56e-06 1.07e-06 6.06e-06
8.83e+03 1.95e-05 3.12e-06 1.70e-06 6.69e-06
1.02e+04 2.33e-05 3.73e-06 2.42e-06 7.28e-06
1.18e+04 2.74e-05 4.38e-06 3.15e-06 7.82e-06
1.36e+04 3.16e-05 5.06e-06 3.92e-06 8.31e-06
1.57e+04 3.59e-05 5.74e-06 4.72e-06 8.71e-06
1.82e+04 4.02e-05 6.43e-06 5.47e-06 9.09e-06
2.10e+04 4.42e-05 7.07e-06 6.19e-06 9.36e-06
2.42e+04 4.80e-05 7.68e-06 6.85e-06 9.56e-06
2.80e+04 5.14e-05 8.22e-06 7.22e-06 9.48e-06
3.23e+04 5.43e-05 8.69e-06 7.64e-06 9.51e-06
3.73e+04 5.67e-05 9.07e-06 7.81e-06 9.43e-06
4.31e+04 5.84e-05 9.34e-06 8.12e-06 9.70e-06
4.98e+04 5.96e-05 9.54e-06 8.24e-06 1.00e-05
5.75e+04 6.02e-05 9.63e-06 8.00e-06 1.01e-05
6.64e+04 6.02e-05 9.63e-06 7.74e-06 1.02e-05
7.67e+04 5.97e-05 9.55e-06 7.50e-06 1.03e-05
8.86e+04 5.88e-05 9.41e-06 7.15e-06 1.03e-05
1.02e+05 5.74e-05 9.18e-06 6.72e-06 1.01e-05
1.18e+05 5.56e-05 8.90e-06 6.29e-06 9.94e-06
1.37e+05 5.35e-05 8.56e-06 5.84e-06 9.65e-06
1.58e+05 5.11e-05 8.18e-06 5.39e-06 9.30e-06
1.82e+05 4.84e-05 7.74e-06 4.94e-06 8.91e-06
2.10e+05 4.56e-05 7.30e-06 4.51e-06 8.45e-06
2.43e+05 4.27e-05 6.83e-06 4.09e-06 7.97e-06
2.81e+05 3.97e-05 6.35e-06 3.73e-06 7.47e-06
3.24e+05 3.67e-05 5.87e-06 3.37e-06 6.96e-06
3.74e+05 3.37e-05 5.39e-06 3.04e-06 6.43e-06
4.32e+05 3.08e-05 4.93e-06 2.74e-06 5.93e-06
4.99e+05 2.79e-05 4.46e-06 2.45e-06 5.41e-06
5.77e+05 2.52e-05 4.03e-06 2.21e-06 4.93e-06
6.66e+05 2.26e-05 3.62e-06 1.96e-06 4.44e-06
7.69e+05 2.02e-05 3.23e-06 1.73e-06 3.96e-06
8.89e+05 1.79e-05 2.87e-06 1.53e-06 3.53e-06
1.03e+06 1.58e-05 2.53e-06 1.36e-06 3.13e-06
1.19e+06 1.39e-05 2.23e-06 1.20e-06 2.75e-06
1.37e+06 1.22e-05 1.96e-06 1.06e-06 2.41e-06
1.58e+06 1.06e-05 1.71e-06 9.42e-07 2.12e-06
1.83e+06 9.25e-06 1.50e-06 8.46e-07 1.86e-06
2.11e+06 8.02e-06 1.31e-06 7.63e-07 1.63e-06
2.44e+06 6.94e-06 1.14e-06 6.78e-07 1.42e-06
2.81e+06 5.98e-06 9.88e-07 5.98e-07 1.22e-06
3.25e+06 5.14e-06 8.57e-07 5.29e-07 1.06e-06
3.75e+06 4.41e-06 7.43e-07 4.73e-07 9.15e-07
4.34e+06 3.78e-06 6.45e-07 4.21e-07 7.93e-07
5.01e+06 3.23e-06 5.59e-07 3.76e-07 6.87e-07
5.78e+06 2.75e-06 4.84e-07 3.34e-07 5.95e-07
6.68e+06 2.34e-06 4.19e-07 2.96e-07 5.14e-07
7.72e+06 1.99e-06 3.64e-07 2.62e-07 4.44e-07
8.91e+06 1.68e-06 3.13e-07 2.31e-07 3.83e-07
1.03e+07 1.42e-06 2.71e-07 2.02e-07 3.29e-07
1.19e+07 1.20e-06 2.35e-07 1.78e-07 2.84e-07
1.37e+07 1.01e-06 2.02e-07 1.56e-07 2.44e-07
1.59e+07 8.49e-07 1.75e-07 1.39e-07 2.12e-07
1.83e+07 7.11e-07 1.50e-07 1.21e-07 1.81e-07
2.12e+07 5.94e-07 1.29e-07 1.05e-07 1.54e-07
2.44e+07 4.95e-07 1.11e-07 9.17e-08 1.32e-07
2.82e+07 4.12e-07 9.51e-08 7.97e-08 1.13e-07
3.26e+07 3.41e-07 8.11e-08 6.89e-08 9.61e-08
3.76e+07 2.82e-07 6.92e-08 5.99e-08 8.25e-08
4.35e+07 2.33e-07 5.90e-08 5.13e-08 7.02e-08
5.02e+07 1.92e-07 5.01e-08 4.43e-08 6.06e-08
5.80e+07 1.57e-07 4.23e-08 3.79e-08 5.21e-08
6.70e+07 1.29e-07 3.59e-08 3.19e-08 4.49e-08
7.74e+07 1.05e-07 3.01e-08 2.73e-08 3.92e-08
8.94e+07 8.54e-08 2.53e-08 2.27e-08 3.40e-08
1.03e+08 6.94e-08 2.12e-08 1.91e-08 2.98e-08
1.19e+08 5.62e-08 1.77e-08 1.55e-08 2.57e-08
1.38e+08 4.54e-08 1.48e-08 1.27e-08 2.24e-08
1.59e+08 3.65e-08 1.22e-08 1.05e-08 1.96e-08
1.84e+08 2.94e-08 1.02e-08 8.71e-09 1.74e-08
2.12e+08 2.36e-08 8.39e-09 7.04e-09 1.51e-08
2.45e+08 1.88e-08 6.88e-09 5.49e-09 1.30e-08
2.83e+08 1.50e-08 5.64e-09 4.18e-09 1.12e-08
3.27e+08 1.20e-08 4.63e-09 3.23e-09 9.66e-09
3.78e+08 9.51e-09 3.77e-09 2.45e-09 8.34e-09
4.36e+08 7.54e-09 3.06e-09 1.78e-09 7.15e-09
5.04e+08 5.96e-09 2.48e-09 1.26e-09 6.13e-09
5.82e+08 4.71e-09 2.00e-09 8.03e-10 5.18e-09
6.72e+08 3.71e-09 1.61e-09 4.47e-10 4.40e-09
7.76e+08 2.92e-09 1.29e-09 2.12e-10 3.74e-09
8.96e+08 2.29e-09 1.03e-09 4.50e-11 3.19e-09
1.04e+09 1.79e-09 8.25e-10 -7.84e-11 2.74e-09
1.20e+09 1.40e-09 6.58e-10 -1.55e-10 2.35e-09
1.38e+09 1.09e-09 5.21e-10 -2.15e-10 2.01e-09
1.59e+09 8.52e-10 4.14e-10 -2.43e-10 1.72e-09
1.84e+09 6.62e-10 3.28e-10 -2.68e-10 1.48e-09
2.13e+09 5.14e-10 2.59e-10 -2.76e-10 1.27e-09
2.46e+09 3.98e-10 2.03e-10 -2.78e-10 1.08e-09
2.84e+09 3.08e-10 1.60e-10 -2.73e-10 9.22e-10
3.28e+09 2.38e-10 1.25e-10 -2.62e-10 7.84e-10
3.79e+09 1.84e-10 9.85e-11 -2.50e-10 6.73e-10
4.37e+09 1.42e-10 7.71e-11 -2.35e-10 5.75e-10
5.05e+09 1.09e-10 6.00e-11 -2.19e-10 4.92e-10
5.83e+09 8.37e-11 4.67e-11 -2.01e-10 4.21e-10
6.74e+09 6.42e-11 3.63e-11 -1.85e-10 3.60e-10
7.78e+09 4.92e-11 2.82e-11 -1.69e-10 3.10e-10
8.99e+09 3.76e-11 2.18e-11 -1.53e-10 2.65e-10
1.04e+10 2.87e-11 1.69e-11 -1.38e-10 2.28e-10
1.20e+10 2.19e-11 1.31e-11 -1.25e-10 1.97e-10
1.38e+10 1.67e-11 1.01e-11 -1.12e-10 1.69e-10
1.60e+10 1.27e-11 7.76e-12 -9.95e-11 1.45e-10
1.85e+10 9.67e-12 5.98e-12 -8.89e-11 1.25e-10
2.13e+10 7.34e-12 4.59e-12 -7.89e-11 1.07e-10
2.46e+10 5.57e-12 3.52e-12 -7.01e-11 9.29e-11
2.85e+10 4.22e-12 2.70e-12 -6.20e-11 8.00e-11
3.29e+10 3.20e-12 2.07e-12 -5.49e-11 6.92e-11
3.80e+10 2.42e-12 1.58e-12 -4.84e-11 5.96e-11
4.39e+10 1.83e-12 1.21e-12 -4.28e-11 5.17e-11
5.07e+10 1.38e-12 9.23e-13 -3.77e-11 4.47e-11
5.85e+10 1.04e-12 7.03e-13 -3.32e-11 3.87e-11
6.76e+10 7.82e-13 5.34e-13 -2.92e-11 3.35e-11
7.80e+10 5.89e-13 4.06e-13 -2.56e-11 2.90e-11
9.01e+10 4.43e-13 3.08e-13 -2.24e-11 2.51e-11
1.04e+11 3.32e-13 2.33e-13 -1.97e-11 2.18e-11
1.20e+11 2.49e-13 1.77e-13 -1.73e-11 1.90e-11
1.39e+11 1.87e-13 1.34e-13 -1.51e-11 1.64e-11
1.60e+11 1.40e-13 1.01e-13 -1.32e-11 1.42e-11
1.85e+11 1.05e-13 7.64e-14 -1.15e-11 1.23e-11
2.14e+11 7.84e-14 5.75e-14 -1.00e-11 1.07e-11
2.47e+11 5.86e-14 4.33e-14 -8.77e-12 9.26e-12
2.85e+11 4.38e-14 3.26e-14 -7.63e-12 8.00e-12
3.30e+11 3.27e-14 2.45e-14 -6.67e-12 6.96e-12
3.81e+11 2.44e-14 1.84e-14 -5.81e-12 6.04e-12
4.40e+11 1.81e-14 1.37e-14 -5.05e-12 5.23e-12
5.08e+11 1.35e-14 1.03e-14 -4.40e-12 4.54e-12
5.87e+11 1.01e-14 7.74e-15 -3.82e-12 3.93e-12
6.78e+11 7.47e-15 5.75e-15 -3.33e-12 3.41e-12
7.83e+11 5.55e-15 4.29e-15 -2.89e-12 2.95e-12
9.04e+11 4.12e-15 3.20e-15 -2.52e-12 2.56e-12
