M phi_tot phi_unobs phi_low phi_up
1.01e+02 0.00e+00 0.00e+00 nan nan
1.17e+02 0.00e+00 0.00e+00 nan nan
1.35e+02 0.00e+00 0.00e+00 nan nan
1.56e+02 0.00e+00 0.00e+00 nan nan
1.81e+02 0.00e+00 0.00e+00 nan nan
2.09e+02 0.00e+00 0.00e+00 nan nan
2.41e+02 2.07e-26 3.31e-27 -6.80e-20 6.80e-20
2.78e+02 1.64e-22 2.62e-23 -8.36e-14 8.36e-14
3.21e+02 8.60e-20 1.38e-20 -4.44e-12 4.44e-12
3.71e+02 8.97e-18 1.44e-18 -2.58e-11 2.58e-11
4.29e+02 3.21e-16 5.14e-17 -1.63e-10 1.63e-10
4.95e+02 5.51e-15 8.82e-16 -1.02e-09 1.02e-09
5.72e+02 5.79e-14 9.26e-15 -4.45e-09 4.45e-09
6.60e+02 4.42e-13 7.07e-14 -1.41e-08 1.41e-08
7.63e+02 2.77e-12 4.43e-13 -3.39e-08 3.39e-08
8.81e+02 1.50e-11 2.40e-12 -6.59e-08 6.59e-08
1.02e+03 7.06e-11 1.13e-11 -1.10e-07 1.10e-07
1.18e+03 2.90e-10 4.64e-11 -1.63e-07 1.63e-07
1.36e+03 1.04e-09 1.66e-10 -2.26e-07 2.28e-07
1.57e+03 3.27e-09 5.23e-10 -2.95e-07 3.00e-07
1.81e+03 9.15e-09 1.46e-09 -3.72e-07 3.84e-07
2.09e+03 2.29e-08 3.66e-09 -4.59e-07 4.87e-07
2.42e+03 5.22e-08 8.35e-09 -5.52e-07 6.09e-07
2.79e+03 1.09e-07 1.74e-08 -6.47e-07 7.55e-07
3.22e+03 2.11e-07 3.38e-08 -7.43e-07 9.32e-07
3.72e+03 3.81e-07 6.10e-08 -8.29e-07 1.14e-06
4.30e+03 6.47e-07 1.04e-07 -8.99e-07 1.38e-06
4.96e+03 1.04e-06 1.66e-07 -9.32e-07 1.65e-06
5.73e+03 1.60e-06 2.56e-07 -9.34e-07 1.96e-06
6.62e+03 2.36e-06 3.78e-07 -8.89e-07 2.31e-06
7.65e+03 3.35e-06 5.36e-07 -7.92e-07 2.70e-06
8.83e+03 4.61e-06 7.38e-07 -6.32e-07 3.11e-06
1.02e+04 6.15e-06 9.84e-07 -4.06e-07 3.56e-06
1.18e+04 8.00e-06 1.28e-06 -1.12e-07 4.05e-06
1.36e+04 1.02e-05 1.63e-06 2.56e-07 4.54e-06
1.57e+04 1.26e-05 2.02e-06 6.73e-07 5.07e-06
1.82e+04 1.54e-05 2.46e-06 1.15e-06 5.56e-06
2.10e+04 1.85e-05 2.96e-06 1.68e-06 6.06e-06
2.42e+04 2.18e-05 3.49e-06 2.24e-06 6.56e-06
2.80e+04 2.53e-05 4.05e-06 2.87e-06 7.03e-06
3.23e+04 2.89e-05 4.62e-06 3.48e-06 7.45e-06
3.73e+04 3.26e-05 5.22e-06 4.15e-06 7.86e-06
4.31e+04 3.62e-05 5.79e-06 4.77e-06 8.19e-06
4.98e+04 3.98e-05 6.37e-06 5.21e-06 8.30e-06
5.75e+04 4.31e-05 6.90e-06 5.86e-06 8.58e-06
6.64e+04 4.62e-05 7.39e-06 6.36e-06 8.71e-06
7.67e+04 4.89e-05 7.82e-06 6.75e-06 8.77e-06
8.86e+04 5.13e-05 8.21e-06 7.12e-06 8.88e-06
1.02e+05 5.32e-05 8.51e-06 7.34e-06 8.98e-06
1.18e+05 5.46e-05 8.74e-06 7.46e-06 9.13e-06
1.37e+05 5.56e-05 8.90e-06 7.56e-06 9.40e-06
1.58e+05 5.62e-05 8.99e-06 7.41e-06 9.51e-06
1.82e+05 5.63e-05 9.01e-06 7.41e-06 9.81e-06
2.10e+05 5.59e-05 8.94e-06 7.11e-06 9.81e-06
2.43e+05 5.51e-05 8.82e-06 6.82e-06 9.79e-06
2.81e+05 5.40e-05 8.64e-06 6.45e-06 9.65e-06
3.24e+05 5.25e-05 8.40e-06 6.03e-06 9.46e-06
3.74e+05 5.07e-05 8.11e-06 5.65e-06 9.20e-06
4.32e+05 4.87e-05 7.79e-06 5.23e-06 8.88e-06
4.99e+05 4.65e-05 7.44e-06 4.85e-06 8.56e-06
5.77e+05 4.40e-05 7.04e-06 4.48e-06 8.19e-06
6.66e+05 4.15e-05 6.64e-06 4.11e-06 7.79e-06
7.69e+05 3.89e-05 6.23e-06 3.78e-06 7.37e-06
8.89e+05 3.62e-05 5.80e-06 3.44e-06 6.94e-06
1.03e+06 3.36e-05 5.39e-06 3.14e-06 6.48e-06
1.19e+06 3.09e-05 4.96e-06 2.86e-06 6.03e-06
1.37e+06 2.83e-05 4.56e-06 2.60e-06 5.59e-06
1.58e+06 2.58e-05 4.16e-06 2.34e-06 5.14e-06
1.83e+06 2.34e-05 3.79e-06 2.12e-06 4.71e-06
2.11e+06 2.12e-05 3.45e-06 1.92e-06 4.30e-06
2.44e+06 1.90e-05 3.11e-06 1.71e-06 3.89e-06
2.81e+06 1.70e-05 2.81e-06 1.54e-06 3.52e-06
3.25e+06 1.52e-05 2.53e-06 1.38e-06 3.18e-06
3.75e+06 1.35e-05 2.28e-06 1.24e-06 2.85e-06
4.34e+06 1.19e-05 2.03e-06 1.11e-06 2.55e-06
5.01e+06 1.05e-05 1.82e-06 1.00e-06 2.28e-06
5.78e+06 9.24e-06 1.63e-06 9.01e-07 2.03e-06
6.68e+06 8.09e-06 1.45e-06 8.10e-07 1.81e-06
7.72e+06 7.06e-06 1.29e-06 7.31e-07 1.60e-06
8.91e+06 6.15e-06 1.15e-06 6.58e-07 1.42e-06
1.03e+07 5.34e-06 1.02e-06 5.94e-07 1.25e-06
1.19e+07 4.62e-06 9.03e-07 5.34e-07 1.10e-06
1.37e+07 3.99e-06 8.00e-07 4.81e-07 9.74e-07
1.59e+07 3.44e-06 7.08e-07 4.32e-07 8.56e-07
1.83e+07 2.95e-06 6.24e-07 3.92e-07 7.54e-07
2.12e+07 2.53e-06 5.51e-07 3.55e-07 6.64e-07
2.44e+07 2.17e-06 4.86e-07 3.21e-07 5.84e-07
2.82e+07 1.85e-06 4.27e-07 2.90e-07 5.13e-07
3.26e+07 1.58e-06 3.76e-07 2.63e-07 4.51e-07
3.76e+07 1.34e-06 3.29e-07 2.37e-07 3.96e-07
4.35e+07 1.14e-06 2.88e-07 2.14e-07 3.47e-07
5.02e+07 9.62e-07 2.51e-07 1.91e-07 3.02e-07
5.80e+07 8.12e-07 2.19e-07 1.69e-07 2.62e-07
6.70e+07 6.84e-07 1.90e-07 1.51e-07 2.27e-07
7.74e+07 5.75e-07 1.65e-07 1.32e-07 1.95e-07
8.94e+07 4.82e-07 1.43e-07 1.15e-07 1.67e-07
1.03e+08 4.04e-07 1.23e-07 1.00e-07 1.43e-07
1.19e+08 3.37e-07 1.06e-07 8.95e-08 1.24e-07
1.38e+08 2.81e-07 9.13e-08 7.80e-08 1.06e-07
1.59e+08 2.33e-07 7.80e-08 6.77e-08 9.04e-08
1.84e+08 1.94e-07 6.70e-08 5.91e-08 7.77e-08
2.12e+08 1.60e-07 5.69e-08 5.16e-08 6.72e-08
2.45e+08 1.32e-07 4.83e-08 4.35e-08 5.68e-08
2.83e+08 1.09e-07 4.10e-08 3.67e-08 4.83e-08
3.27e+08 8.96e-08 3.46e-08 3.11e-08 4.14e-08
3.78e+08 7.35e-08 2.91e-08 2.64e-08 3.59e-08
4.36e+08 6.01e-08 2.44e-08 2.19e-08 3.08e-08
5.04e+08 4.91e-08 2.04e-08 1.77e-08 2.60e-08
5.82e+08 4.00e-08 1.70e-08 1.44e-08 2.22e-08
6.72e+08 3.25e-08 1.41e-08 1.20e-08 1.93e-08
7.76e+08 2.64e-08 1.17e-08 9.84e-09 1.68e-08
8.96e+08 2.14e-08 9.67e-09 7.85e-09 1.43e-08
1.04e+09 1.73e-08 7.98e-09 6.10e-09 1.21e-08
1.20e+09 1.39e-08 6.53e-09 4.66e-09 1.02e-08
1.38e+09 1.12e-08 5.35e-09 3.59e-09 8.64e-09
1.59e+09 9.00e-09 4.38e-09 2.80e-09 7.42e-09
1.84e+09 7.22e-09 3.57e-09 2.17e-09 6.36e-09
2.13e+09 5.78e-09 2.91e-09 1.64e-09 5.43e-09
2.46e+09 4.61e-09 2.36e-09 1.20e-09 4.62e-09
2.84e+09 3.68e-09 1.91e-09 8.46e-10 3.92e-09
3.28e+09 2.93e-09 1.54e-09 5.73e-10 3.32e-09
3.79e+09 2.33e-09 1.25e-09 3.70e-10 2.83e-09
4.37e+09 1.84e-09 9.99e-10 2.06e-10 2.40e-09
5.05e+09 1.46e-09 8.04e-10 8.81e-11 2.04e-09
5.83e+09 1.15e-09 6.42e-10 0.00e+00 1.73e-09
6.74e+09 9.10e-10 5.15e-10 -6.23e-11 1.47e-09
7.78e+09 7.17e-10 4.11e-10 -1.07e-10 1.25e-09
8.99e+09 5.64e-10 3.28e-10 -1.37e-10 1.06e-09
1.04e+10 4.43e-10 2.61e-10 -1.54e-10 9.08e-10
1.20e+10 3.47e-10 2.07e-10 -1.63e-10 7.76e-10
1.38e+10 2.72e-10 1.64e-10 -1.65e-10 6.62e-10
1.60e+10 2.13e-10 1.30e-10 -1.64e-10 5.68e-10
1.85e+10 1.66e-10 1.03e-10 -1.59e-10 4.88e-10
2.13e+10 1.29e-10 8.07e-11 -1.53e-10 4.16e-10
2.46e+10 1.01e-10 6.39e-11 -1.46e-10 3.56e-10
2.85e+10 7.83e-11 5.01e-11 -1.38e-10 3.06e-10
3.29e+10 6.08e-11 3.94e-11 -1.28e-10 2.63e-10
3.80e+10 4.71e-11 3.08e-11 -1.19e-10 2.26e-10
4.39e+10 3.65e-11 2.42e-11 -1.10e-10 1.95e-10
5.07e+10 2.82e-11 1.89e-11 -1.01e-10 1.68e-10
5.85e+10 2.18e-11 1.47e-11 -9.20e-11 1.45e-10
6.76e+10 1.68e-11 1.15e-11 -8.42e-11 1.27e-10
7.80e+10 1.30e-11 8.96e-12 -7.56e-11 1.09e-10
9.01e+10 9.98e-12 6.95e-12 -6.82e-11 9.48e-11
1.04e+11 7.68e-12 5.40e-12 -6.19e-11 8.30e-11
1.20e+11 5.90e-12 4.18e-12 -5.54e-11 7.20e-11
1.39e+11 4.52e-12 3.23e-12 -4.97e-11 6.27e-11
1.60e+11 3.47e-12 2.50e-12 -4.45e-11 5.47e-11
1.85e+11 2.65e-12 1.93e-12 -3.99e-11 4.79e-11
2.14e+11 2.03e-12 1.49e-12 -3.56e-11 4.19e-11
2.47e+11 1.55e-12 1.14e-12 -3.15e-11 3.64e-11
2.85e+11 1.18e-12 8.77e-13 -2.82e-11 3.20e-11
3.30e+11 9.02e-13 6.75e-13 -2.51e-11 2.81e-11
3.81e+11 6.87e-13 5.18e-13 -2.23e-11 2.46e-11
4.40e+11 5.23e-13 3.96e-13 -1.98e-11 2.16e-11
5.08e+11 3.98e-13 3.03e-13 -1.75e-11 1.89e-11
5.87e+11 3.02e-13 2.31e-13 -1.55e-11 1.66e-11
6.78e+11 2.29e-13 1.76e-13 -1.37e-11 1.46e-11
7.83e+11 1.74e-13 1.35e-13 -1.22e-11 1.28e-11
9.04e+11 1.32e-13 1.03e-13 -1.08e-11 1.13e-11
