LF_x LF_y1 LF_y med spread x_data y_data y_data_err_m y_data_err_p
-31.9206 1.590e-06 1.988e-06 7.531e-06 1.037e-05 -2.888e+01 1.950e-01 1.380e-01 1.380e-01
-31.7618 5.527e-06 6.908e-06 2.084e-05 2.227e-05 -2.862e+01 2.924e-01 1.690e-01 1.690e-01
-31.6029 1.682e-05 2.103e-05 5.160e-05 4.441e-05 -2.838e+01 1.950e-01 1.380e-01 1.380e-01
-31.4441 4.569e-05 5.712e-05 1.194e-04 8.291e-05 -2.812e+01 8.770e-01 2.920e-01 2.920e-01
-31.2853 1.125e-04 1.406e-04 2.524e-04 1.460e-04 -2.788e+01 1.656e+00 4.020e-01 4.020e-01
-31.1265 2.546e-04 3.183e-04 4.994e-04 2.442e-04 -2.762e+01 2.924e+00 5.340e-01 5.340e-01
-30.9676 5.362e-04 6.703e-04 9.401e-04 3.907e-04 -2.738e+01 6.427e+00 7.910e-01 7.910e-01
-30.8088 1.056e-03 1.327e-03 1.737e-03 5.984e-04 -2.712e+01 1.081e+01 1.026e+00 1.026e+00
-30.6500 1.966e-03 2.494e-03 2.967e-03 8.832e-04 -2.688e+01 1.403e+01 1.169e+00 1.169e+00
-30.4912 3.498e-03 4.481e-03 4.983e-03 1.269e-03 -2.662e+01 2.280e+01 1.490e+00 1.490e+00
-30.3324 5.993e-03 7.751e-03 8.027e-03 1.783e-03 -2.638e+01 2.805e+01 1.657e+00 1.657e+00
-30.1735 9.941e-03 1.299e-02 1.250e-02 2.462e-03 -2.612e+01 4.102e+01 2.545e+00 2.545e+00
-30.0147 1.604e-02 2.117e-02 1.930e-02 3.355e-03 -2.588e+01 8.375e+01 2.958e+01 2.958e+01
-29.8559 2.530e-02 3.371e-02 2.939e-02 4.530e-03 -2.562e+01 6.471e+01 1.729e+01 1.729e+01
-29.6971 3.910e-02 5.263e-02 4.355e-02 6.081e-03 -2.538e+01 1.262e+02 2.303e+01 2.303e+01
-29.5382 5.940e-02 8.076e-02 6.541e-02 8.132e-03 -2.512e+01 1.754e+02 2.709e+01 2.709e+01
-29.3794 8.889e-02 1.221e-01 9.643e-02 1.085e-02 -2.488e+01 1.799e+02 2.742e+01 2.742e+01
-29.2206 1.312e-01 1.821e-01 1.403e-01 1.445e-02 -2.462e+01 2.649e+02 3.338e+01 3.338e+01
-29.0618 1.914e-01 2.684e-01 2.022e-01 1.919e-02 -2.438e+01 3.258e+02 3.738e+01 3.738e+01
-28.9029 2.761e-01 3.912e-01 2.884e-01 2.539e-02 -2.412e+01 3.214e+02 3.734e+01 3.734e+01
-28.7441 3.942e-01 5.644e-01 4.073e-01 3.339e-02 0.000e+00 1.000e+00 1.000e+00 1.000e+00
-28.5853 5.572e-01 8.064e-01 5.692e-01 4.359e-02 0.000e+00 1.000e+00 1.000e+00 1.000e+00
-28.4265 7.804e-01 1.141e+00 7.909e-01 5.637e-02 0.000e+00 1.000e+00 1.000e+00 1.000e+00
-28.2676 1.083e+00 1.601e+00 1.096e+00 7.213e-02 0.000e+00 1.000e+00 1.000e+00 1.000e+00
-28.1088 1.490e+00 2.227e+00 1.501e+00 9.124e-02 0.000e+00 1.000e+00 1.000e+00 1.000e+00
-27.9500 2.032e+00 3.071e+00 2.043e+00 1.140e-01 0.000e+00 1.000e+00 1.000e+00 1.000e+00
-27.7912 2.749e+00 4.200e+00 2.758e+00 1.408e-01 0.000e+00 1.000e+00 1.000e+00 1.000e+00
-27.6324 3.687e+00 5.698e+00 3.693e+00 1.720e-01 0.000e+00 1.000e+00 1.000e+00 1.000e+00
-27.4735 4.907e+00 7.669e+00 4.907e+00 2.079e-01 0.000e+00 1.000e+00 1.000e+00 1.000e+00
-27.3147 6.479e+00 1.024e+01 6.484e+00 2.495e-01 0.000e+00 1.000e+00 1.000e+00 1.000e+00
-27.1559 8.489e+00 1.358e+01 8.469e+00 2.983e-01 0.000e+00 1.000e+00 1.000e+00 1.000e+00
-26.9971 1.104e+01 1.786e+01 1.104e+01 3.571e-01 0.000e+00 1.000e+00 1.000e+00 1.000e+00
-26.8382 1.425e+01 2.334e+01 1.422e+01 4.304e-01 0.000e+00 1.000e+00 1.000e+00 1.000e+00
-26.6794 1.827e+01 3.028e+01 1.820e+01 5.252e-01 0.000e+00 1.000e+00 1.000e+00 1.000e+00
-26.5206 2.326e+01 3.902e+01 2.326e+01 6.510e-01 0.000e+00 1.000e+00 1.000e+00 1.000e+00
-26.3618 2.941e+01 4.996e+01 2.941e+01 8.199e-01 0.000e+00 1.000e+00 1.000e+00 1.000e+00
-26.2029 3.694e+01 6.355e+01 3.694e+01 1.046e+00 0.000e+00 1.000e+00 1.000e+00 1.000e+00
-26.0441 4.608e+01 8.030e+01 4.611e+01 1.346e+00 0.000e+00 1.000e+00 1.000e+00 1.000e+00
-25.8853 5.713e+01 1.009e+02 5.713e+01 1.739e+00 0.000e+00 1.000e+00 1.000e+00 1.000e+00
-25.7265 7.041e+01 1.260e+02 7.039e+01 2.243e+00 0.000e+00 1.000e+00 1.000e+00 1.000e+00
-25.5676 8.627e+01 1.565e+02 8.612e+01 2.883e+00 0.000e+00 1.000e+00 1.000e+00 1.000e+00
-25.4088 1.051e+02 1.933e+02 1.049e+02 3.684e+00 0.000e+00 1.000e+00 1.000e+00 1.000e+00
-25.2500 1.274e+02 2.375e+02 1.274e+02 4.676e+00 0.000e+00 1.000e+00 1.000e+00 1.000e+00
-25.0912 1.535e+02 2.905e+02 1.535e+02 5.894e+00 0.000e+00 1.000e+00 1.000e+00 1.000e+00
-24.9324 1.840e+02 3.534e+02 1.842e+02 7.376e+00 0.000e+00 1.000e+00 1.000e+00 1.000e+00
-24.7735 2.195e+02 4.280e+02 2.199e+02 9.168e+00 0.000e+00 1.000e+00 1.000e+00 1.000e+00
-24.6147 2.605e+02 5.159e+02 2.612e+02 1.132e+01 0.000e+00 1.000e+00 1.000e+00 1.000e+00
-24.4559 3.076e+02 6.190e+02 3.087e+02 1.390e+01 0.000e+00 1.000e+00 1.000e+00 1.000e+00
-24.2971 3.614e+02 7.395e+02 3.626e+02 1.698e+01 0.000e+00 1.000e+00 1.000e+00 1.000e+00
-24.1382 4.226e+02 8.797e+02 4.244e+02 2.063e+01 0.000e+00 1.000e+00 1.000e+00 1.000e+00
-23.9794 4.919e+02 1.042e+03 4.944e+02 2.495e+01 0.000e+00 1.000e+00 1.000e+00 1.000e+00
-23.8206 5.699e+02 1.229e+03 5.737e+02 3.003e+01 0.000e+00 1.000e+00 1.000e+00 1.000e+00
-23.6618 6.572e+02 1.445e+03 6.626e+02 3.600e+01 0.000e+00 1.000e+00 1.000e+00 1.000e+00
-23.5029 7.545e+02 1.691e+03 7.618e+02 4.298e+01 0.000e+00 1.000e+00 1.000e+00 1.000e+00
-23.3441 8.623e+02 1.973e+03 8.714e+02 5.110e+01 0.000e+00 1.000e+00 1.000e+00 1.000e+00
-23.1853 9.812e+02 2.293e+03 9.946e+02 6.051e+01 0.000e+00 1.000e+00 1.000e+00 1.000e+00
-23.0265 1.112e+03 2.655e+03 1.128e+03 7.138e+01 0.000e+00 1.000e+00 1.000e+00 1.000e+00
-22.8676 1.254e+03 3.065e+03 1.272e+03 8.386e+01 0.000e+00 1.000e+00 1.000e+00 1.000e+00
-22.7088 1.409e+03 3.527e+03 1.430e+03 9.814e+01 0.000e+00 1.000e+00 1.000e+00 1.000e+00
-22.5500 1.577e+03 4.046e+03 1.604e+03 1.144e+02 0.000e+00 1.000e+00 1.000e+00 1.000e+00
-22.3912 1.757e+03 4.629e+03 1.792e+03 1.328e+02 0.000e+00 1.000e+00 1.000e+00 1.000e+00
-22.2324 1.951e+03 5.281e+03 1.984e+03 1.535e+02 0.000e+00 1.000e+00 1.000e+00 1.000e+00
-22.0735 2.157e+03 6.010e+03 2.202e+03 1.767e+02 0.000e+00 1.000e+00 1.000e+00 1.000e+00
-21.9147 2.376e+03 6.824e+03 2.417e+03 2.024e+02 0.000e+00 1.000e+00 1.000e+00 1.000e+00
-21.7559 2.607e+03 7.730e+03 2.652e+03 2.309e+02 0.000e+00 1.000e+00 1.000e+00 1.000e+00
-21.5971 2.850e+03 8.739e+03 2.903e+03 2.622e+02 0.000e+00 1.000e+00 1.000e+00 1.000e+00
-21.4382 3.104e+03 9.861e+03 3.166e+03 2.962e+02 0.000e+00 1.000e+00 1.000e+00 1.000e+00
-21.2794 3.368e+03 1.111e+04 3.439e+03 3.331e+02 0.000e+00 1.000e+00 1.000e+00 1.000e+00
-21.1206 3.641e+03 1.249e+04 3.723e+03 3.726e+02 0.000e+00 1.000e+00 1.000e+00 1.000e+00
-20.9618 3.922e+03 1.403e+04 4.015e+03 4.145e+02 0.000e+00 1.000e+00 1.000e+00 1.000e+00
-20.8029 4.207e+03 1.574e+04 4.320e+03 4.587e+02 0.000e+00 1.000e+00 1.000e+00 1.000e+00
-20.6441 4.496e+03 1.763e+04 4.614e+03 5.046e+02 0.000e+00 1.000e+00 1.000e+00 1.000e+00
-20.4853 4.784e+03 1.973e+04 4.918e+03 5.519e+02 0.000e+00 1.000e+00 1.000e+00 1.000e+00
-20.3265 5.069e+03 2.206e+04 5.209e+03 5.997e+02 0.000e+00 1.000e+00 1.000e+00 1.000e+00
-20.1676 5.346e+03 2.466e+04 5.505e+03 6.474e+02 0.000e+00 1.000e+00 1.000e+00 1.000e+00
-20.0088 5.610e+03 2.753e+04 5.776e+03 6.941e+02 0.000e+00 1.000e+00 1.000e+00 1.000e+00
-19.8500 5.855e+03 3.073e+04 6.016e+03 7.385e+02 0.000e+00 1.000e+00 1.000e+00 1.000e+00
-19.6912 6.073e+03 3.428e+04 6.233e+03 7.794e+02 0.000e+00 1.000e+00 1.000e+00 1.000e+00
-19.5324 6.255e+03 3.822e+04 6.422e+03 8.151e+02 0.000e+00 1.000e+00 1.000e+00 1.000e+00
-19.3735 6.818e+03 4.261e+04 7.019e+03 9.004e+02 0.000e+00 1.000e+00 1.000e+00 1.000e+00
-19.2147 7.598e+03 4.749e+04 7.843e+03 1.015e+03 0.000e+00 1.000e+00 1.000e+00 1.000e+00
-19.0559 8.466e+03 5.291e+04 8.757e+03 1.141e+03 0.000e+00 1.000e+00 1.000e+00 1.000e+00
-18.8971 9.431e+03 5.894e+04 9.745e+03 1.281e+03 0.000e+00 1.000e+00 1.000e+00 1.000e+00
-18.7382 1.050e+04 6.565e+04 1.084e+04 1.434e+03 0.000e+00 1.000e+00 1.000e+00 1.000e+00
-18.5794 1.170e+04 7.311e+04 1.207e+04 1.603e+03 0.000e+00 1.000e+00 1.000e+00 1.000e+00
-18.4206 1.302e+04 8.140e+04 1.343e+04 1.787e+03 0.000e+00 1.000e+00 1.000e+00 1.000e+00
-18.2618 1.450e+04 9.061e+04 1.494e+04 1.989e+03 0.000e+00 1.000e+00 1.000e+00 1.000e+00
-18.1029 1.614e+04 1.008e+05 1.662e+04 2.209e+03 0.000e+00 1.000e+00 1.000e+00 1.000e+00
-17.9441 1.795e+04 1.122e+05 1.851e+04 2.447e+03 0.000e+00 1.000e+00 1.000e+00 1.000e+00
-17.7853 1.997e+04 1.248e+05 2.061e+04 2.706e+03 0.000e+00 1.000e+00 1.000e+00 1.000e+00
-17.6265 2.221e+04 1.388e+05 2.291e+04 2.986e+03 0.000e+00 1.000e+00 1.000e+00 1.000e+00
-17.4676 2.469e+04 1.543e+05 2.547e+04 3.287e+03 0.000e+00 1.000e+00 1.000e+00 1.000e+00
-17.3088 2.743e+04 1.714e+05 2.832e+04 3.610e+03 0.000e+00 1.000e+00 1.000e+00 1.000e+00
-17.1500 3.046e+04 1.904e+05 3.142e+04 3.955e+03 0.000e+00 1.000e+00 1.000e+00 1.000e+00
-16.9912 3.380e+04 2.112e+05 3.487e+04 4.322e+03 0.000e+00 1.000e+00 1.000e+00 1.000e+00
-16.8324 3.748e+04 2.342e+05 3.869e+04 4.710e+03 0.000e+00 1.000e+00 1.000e+00 1.000e+00
-16.6735 4.152e+04 2.595e+05 4.289e+04 5.118e+03 0.000e+00 1.000e+00 1.000e+00 1.000e+00
-16.5147 4.596e+04 2.872e+05 4.749e+04 5.545e+03 0.000e+00 1.000e+00 1.000e+00 1.000e+00
-16.3559 5.081e+04 3.176e+05 5.250e+04 5.989e+03 0.000e+00 1.000e+00 1.000e+00 1.000e+00
-16.1971 5.611e+04 3.507e+05 5.796e+04 6.446e+03 0.000e+00 1.000e+00 1.000e+00 1.000e+00
-16.0382 6.187e+04 3.867e+05 6.391e+04 6.914e+03 0.000e+00 1.000e+00 1.000e+00 1.000e+00
-15.8794 6.813e+04 4.258e+05 7.029e+04 7.387e+03 0.000e+00 1.000e+00 1.000e+00 1.000e+00
-15.7206 7.491e+04 4.682e+05 7.717e+04 7.860e+03 0.000e+00 1.000e+00 1.000e+00 1.000e+00
-15.5618 8.221e+04 5.138e+05 8.457e+04 8.327e+03 0.000e+00 1.000e+00 1.000e+00 1.000e+00
-15.4029 9.006e+04 5.628e+05 9.254e+04 8.781e+03 0.000e+00 1.000e+00 1.000e+00 1.000e+00
-15.2441 9.845e+04 6.153e+05 1.010e+05 9.213e+03 0.000e+00 1.000e+00 1.000e+00 1.000e+00
-15.0853 1.074e+05 6.713e+05 1.101e+05 9.614e+03 0.000e+00 1.000e+00 1.000e+00 1.000e+00
-14.9265 1.169e+05 7.307e+05 1.197e+05 9.973e+03 0.000e+00 1.000e+00 1.000e+00 1.000e+00
-14.7676 1.269e+05 7.934e+05 1.297e+05 1.028e+04 0.000e+00 1.000e+00 1.000e+00 1.000e+00
-14.6088 1.375e+05 8.594e+05 1.403e+05 1.052e+04 0.000e+00 1.000e+00 1.000e+00 1.000e+00
-14.4500 1.485e+05 9.283e+05 1.514e+05 1.069e+04 0.000e+00 1.000e+00 1.000e+00 1.000e+00
-14.2912 1.600e+05 9.998e+05 1.628e+05 1.076e+04 0.000e+00 1.000e+00 1.000e+00 1.000e+00
-14.1324 1.718e+05 1.074e+06 1.745e+05 1.074e+04 0.000e+00 1.000e+00 1.000e+00 1.000e+00
-13.9735 1.839e+05 1.149e+06 1.865e+05 1.060e+04 0.000e+00 1.000e+00 1.000e+00 1.000e+00
-13.8147 1.962e+05 1.226e+06 1.987e+05 1.034e+04 0.000e+00 1.000e+00 1.000e+00 1.000e+00
-13.6559 2.085e+05 1.303e+06 2.109e+05 9.945e+03 0.000e+00 1.000e+00 1.000e+00 1.000e+00
-13.4971 2.209e+05 1.380e+06 2.231e+05 9.411e+03 0.000e+00 1.000e+00 1.000e+00 1.000e+00
-13.3382 2.330e+05 1.456e+06 2.349e+05 8.736e+03 0.000e+00 1.000e+00 1.000e+00 1.000e+00
-13.1794 2.448e+05 1.530e+06 2.465e+05 7.916e+03 0.000e+00 1.000e+00 1.000e+00 1.000e+00
-13.0206 2.561e+05 1.601e+06 2.575e+05 6.957e+03 0.000e+00 1.000e+00 1.000e+00 1.000e+00
-12.8618 2.667e+05 1.667e+06 2.680e+05 5.867e+03 0.000e+00 1.000e+00 1.000e+00 1.000e+00
-12.7029 2.765e+05 1.728e+06 2.774e+05 4.663e+03 0.000e+00 1.000e+00 1.000e+00 1.000e+00
-12.5441 2.853e+05 1.783e+06 2.858e+05 3.383e+03 0.000e+00 1.000e+00 1.000e+00 1.000e+00
-12.3853 2.928e+05 1.830e+06 2.928e+05 2.137e+03 0.000e+00 1.000e+00 1.000e+00 1.000e+00
-12.2265 2.991e+05 1.869e+06 2.990e+05 1.435e+03 0.000e+00 1.000e+00 1.000e+00 1.000e+00
-12.0676 3.038e+05 1.899e+06 3.034e+05 2.159e+03 0.000e+00 1.000e+00 1.000e+00 1.000e+00
-11.9088 3.068e+05 1.918e+06 3.062e+05 3.585e+03 0.000e+00 1.000e+00 1.000e+00 1.000e+00
-11.7500 3.082e+05 1.926e+06 3.071e+05 5.176e+03 0.000e+00 1.000e+00 1.000e+00 1.000e+00
-11.5912 3.077e+05 1.923e+06 3.064e+05 6.801e+03 0.000e+00 1.000e+00 1.000e+00 1.000e+00
-11.4324 3.052e+05 1.908e+06 3.035e+05 8.402e+03 0.000e+00 1.000e+00 1.000e+00 1.000e+00
-11.2735 3.008e+05 1.880e+06 2.988e+05 9.938e+03 0.000e+00 1.000e+00 1.000e+00 1.000e+00
-11.1147 2.945e+05 1.841e+06 2.923e+05 1.137e+04 0.000e+00 1.000e+00 1.000e+00 1.000e+00
-10.9559 2.862e+05 1.789e+06 2.837e+05 1.267e+04 0.000e+00 1.000e+00 1.000e+00 1.000e+00
-10.7971 2.759e+05 1.725e+06 2.733e+05 1.379e+04 0.000e+00 1.000e+00 1.000e+00 1.000e+00
-10.6382 2.639e+05 1.649e+06 2.610e+05 1.472e+04 0.000e+00 1.000e+00 1.000e+00 1.000e+00
-10.4794 2.500e+05 1.563e+06 2.469e+05 1.540e+04 0.000e+00 1.000e+00 1.000e+00 1.000e+00
-10.3206 2.346e+05 1.466e+06 2.312e+05 1.581e+04 0.000e+00 1.000e+00 1.000e+00 1.000e+00
-10.1618 2.177e+05 1.361e+06 2.142e+05 1.594e+04 0.000e+00 1.000e+00 1.000e+00 1.000e+00
-10.0029 1.998e+05 1.249e+06 1.962e+05 1.578e+04 0.000e+00 1.000e+00 1.000e+00 1.000e+00
-9.8441 1.811e+05 1.132e+06 1.774e+05 1.533e+04 0.000e+00 1.000e+00 1.000e+00 1.000e+00
-9.6853 1.620e+05 1.013e+06 1.583e+05 1.462e+04 0.000e+00 1.000e+00 1.000e+00 1.000e+00
-9.5265 1.430e+05 8.936e+05 1.393e+05 1.368e+04 0.000e+00 1.000e+00 1.000e+00 1.000e+00
-9.3676 1.243e+05 7.770e+05 1.208e+05 1.257e+04 0.000e+00 1.000e+00 1.000e+00 1.000e+00
-9.2088 1.065e+05 6.655e+05 1.031e+05 1.134e+04 0.000e+00 1.000e+00 1.000e+00 1.000e+00
-9.0500 8.975e+04 5.609e+05 8.665e+04 1.004e+04 0.000e+00 1.000e+00 1.000e+00 1.000e+00
-8.8912 7.438e+04 4.649e+05 7.160e+04 8.725e+03 0.000e+00 1.000e+00 1.000e+00 1.000e+00
-8.7324 6.054e+04 3.784e+05 5.817e+04 7.439e+03 0.000e+00 1.000e+00 1.000e+00 1.000e+00
-8.5735 4.830e+04 3.019e+05 4.625e+04 6.215e+03 0.000e+00 1.000e+00 1.000e+00 1.000e+00
-8.4147 3.767e+04 2.355e+05 3.590e+04 5.075e+03 0.000e+00 1.000e+00 1.000e+00 1.000e+00
-8.2559 2.863e+04 1.789e+05 2.713e+04 4.038e+03 0.000e+00 1.000e+00 1.000e+00 1.000e+00
-8.0971 2.110e+04 1.319e+05 1.986e+04 3.116e+03 0.000e+00 1.000e+00 1.000e+00 1.000e+00
-7.9382 1.499e+04 9.372e+04 1.400e+04 2.318e+03 0.000e+00 1.000e+00 1.000e+00 1.000e+00
-7.7794 1.020e+04 6.376e+04 9.431e+03 1.651e+03 0.000e+00 1.000e+00 1.000e+00 1.000e+00
-7.6206 6.585e+03 4.116e+04 6.020e+03 1.114e+03 0.000e+00 1.000e+00 1.000e+00 1.000e+00
-7.4618 3.993e+03 2.496e+04 3.604e+03 7.052e+02 0.000e+00 1.000e+00 1.000e+00 1.000e+00
-7.3029 2.249e+03 1.406e+04 2.000e+03 4.141e+02 0.000e+00 1.000e+00 1.000e+00 1.000e+00
-7.1441 1.160e+03 7.253e+03 1.015e+03 2.223e+02 0.000e+00 1.000e+00 1.000e+00 1.000e+00
-6.9853 5.411e+02 3.382e+03 4.650e+02 1.076e+02 0.000e+00 1.000e+00 1.000e+00 1.000e+00
-6.8265 2.246e+02 1.403e+03 1.892e+02 4.627e+01 0.000e+00 1.000e+00 1.000e+00 1.000e+00
-6.6676 8.140e+01 5.087e+02 6.713e+01 1.734e+01 0.000e+00 1.000e+00 1.000e+00 1.000e+00
-6.5088 2.522e+01 1.576e+02 2.032e+01 5.543e+00 0.000e+00 1.000e+00 1.000e+00 1.000e+00
-6.3500 6.537e+00 4.085e+01 5.144e+00 1.476e+00 0.000e+00 1.000e+00 1.000e+00 1.000e+00
-6.1912 1.408e+00 8.797e+00 1.087e+00 3.252e-01 0.000e+00 1.000e+00 1.000e+00 1.000e+00
-6.0324 2.529e-01 1.581e+00 1.912e-01 5.951e-02 0.000e+00 1.000e+00 1.000e+00 1.000e+00
-5.8735 3.860e-02 2.412e-01 2.862e-02 9.236e-03 0.000e+00 1.000e+00 1.000e+00 1.000e+00
-5.7147 4.907e-03 3.067e-02 3.542e-03 1.201e-03 0.000e+00 1.000e+00 1.000e+00 1.000e+00
-5.5559 4.530e-04 2.832e-03 3.123e-04 1.145e-04 0.000e+00 1.000e+00 1.000e+00 1.000e+00
-5.3971 2.319e-05 1.449e-04 1.485e-05 6.078e-06 0.000e+00 1.000e+00 1.000e+00 1.000e+00
-5.2382 4.321e-07 2.701e-06 2.544e-07 1.172e-07 0.000e+00 1.000e+00 1.000e+00 1.000e+00
-5.0794 1.762e-09 1.101e-08 9.260e-10 4.941e-10 0.000e+00 1.000e+00 1.000e+00 1.000e+00
