LF_x LF_y1 LF_y med spread
-31.9206 9.740e-07 1.218e-06 2.183e-06 5.466e-05
-31.7618 1.285e-06 1.606e-06 2.863e-06 6.732e-05
-31.6029 1.692e-06 2.115e-06 3.750e-06 8.253e-05
-31.4441 2.226e-06 2.783e-06 4.907e-06 1.007e-04
-31.2853 2.926e-06 3.657e-06 6.415e-06 1.225e-04
-31.1265 3.843e-06 4.803e-06 8.382e-06 1.485e-04
-30.9676 5.044e-06 6.305e-06 1.094e-05 1.795e-04
-30.8088 6.583e-06 8.271e-06 1.421e-05 2.153e-04
-30.6500 8.550e-06 1.085e-05 1.836e-05 2.565e-04
-30.4912 1.110e-05 1.422e-05 2.370e-05 3.050e-04
-30.3324 1.441e-05 1.863e-05 3.059e-05 3.620e-04
-30.1735 1.869e-05 2.441e-05 3.946e-05 4.290e-04
-30.0147 2.424e-05 3.198e-05 5.089e-05 5.076e-04
-29.8559 3.143e-05 4.188e-05 6.561e-05 5.999e-04
-29.6971 4.075e-05 5.485e-05 8.455e-05 7.083e-04
-29.5382 5.282e-05 7.182e-05 1.089e-04 8.354e-04
-29.3794 6.846e-05 9.403e-05 1.403e-04 9.846e-04
-29.2206 8.871e-05 1.231e-04 1.807e-04 1.160e-03
-29.0618 1.149e-04 1.611e-04 2.325e-04 1.365e-03
-28.9029 1.489e-04 2.109e-04 2.963e-04 1.606e-03
-28.7441 1.928e-04 2.760e-04 3.763e-04 1.887e-03
-28.5853 2.496e-04 3.612e-04 4.777e-04 2.208e-03
-28.4265 3.232e-04 4.727e-04 6.065e-04 2.584e-03
-28.2676 4.183e-04 6.185e-04 7.698e-04 3.023e-03
-28.1088 5.414e-04 8.092e-04 9.771e-04 3.539e-03
-27.9500 7.005e-04 1.059e-03 1.240e-03 4.144e-03
-27.7912 9.063e-04 1.385e-03 1.574e-03 4.853e-03
-27.6324 1.172e-03 1.812e-03 1.997e-03 5.685e-03
-27.4735 1.516e-03 2.369e-03 2.533e-03 6.661e-03
-27.3147 1.960e-03 3.099e-03 3.213e-03 7.807e-03
-27.1559 2.534e-03 4.053e-03 4.072e-03 9.150e-03
-26.9971 3.275e-03 5.300e-03 5.110e-03 1.073e-02
-26.8382 4.231e-03 6.930e-03 6.412e-03 1.258e-02
-26.6794 5.466e-03 9.060e-03 8.045e-03 1.474e-02
-26.5206 7.059e-03 1.184e-02 1.009e-02 1.728e-02
-26.3618 9.112e-03 1.548e-02 1.284e-02 2.026e-02
-26.2029 1.176e-02 2.023e-02 1.636e-02 2.374e-02
-26.0441 1.517e-02 2.644e-02 2.084e-02 2.781e-02
-25.8853 1.957e-02 3.455e-02 2.654e-02 3.256e-02
-25.7265 2.523e-02 4.513e-02 3.377e-02 3.811e-02
-25.5676 3.251e-02 5.895e-02 4.297e-02 4.456e-02
-25.4088 4.187e-02 7.700e-02 5.502e-02 5.206e-02
-25.2500 5.391e-02 1.005e-01 6.959e-02 6.074e-02
-25.0912 6.937e-02 1.313e-01 8.873e-02 7.078e-02
-24.9324 8.921e-02 1.713e-01 1.134e-01 8.234e-02
-24.7735 1.147e-01 2.236e-01 1.429e-01 9.559e-02
-24.6147 1.473e-01 2.917e-01 1.807e-01 1.107e-01
-24.4559 1.891e-01 3.805e-01 2.292e-01 1.279e-01
-24.2971 2.425e-01 4.963e-01 2.920e-01 1.472e-01
-24.1382 3.108e-01 6.470e-01 3.719e-01 1.688e-01
-23.9794 3.981e-01 8.432e-01 4.657e-01 1.928e-01
-23.8206 5.093e-01 1.099e+00 5.934e-01 2.190e-01
-23.6618 6.509e-01 1.431e+00 7.441e-01 2.474e-01
-23.5029 8.310e-01 1.863e+00 9.393e-01 2.778e-01
-23.3441 1.060e+00 2.424e+00 1.196e+00 3.098e-01
-23.1853 1.350e+00 3.154e+00 1.499e+00 3.431e-01
-23.0265 1.717e+00 4.101e+00 1.894e+00 3.779e-01
-22.8676 2.181e+00 5.329e+00 2.383e+00 4.152e-01
-22.7088 2.765e+00 6.921e+00 2.979e+00 4.581e-01
-22.5500 3.501e+00 8.984e+00 3.692e+00 5.136e-01
-22.3912 4.424e+00 1.165e+01 4.587e+00 5.946e-01
-22.2324 5.579e+00 1.511e+01 5.683e+00 7.213e-01
-22.0735 7.020e+00 1.956e+01 7.066e+00 9.192e-01
-21.9147 8.813e+00 2.531e+01 8.691e+00 1.217e+00
-21.7559 1.104e+01 3.272e+01 1.071e+01 1.646e+00
-21.5971 1.378e+01 4.226e+01 1.318e+01 2.238e+00
-21.4382 1.716e+01 5.450e+01 1.623e+01 3.034e+00
-21.2794 2.129e+01 7.021e+01 2.019e+01 4.079e+00
-21.1206 2.632e+01 9.030e+01 2.440e+01 5.423e+00
-20.9618 3.241e+01 1.160e+02 2.994e+01 7.123e+00
-20.8029 3.974e+01 1.486e+02 3.665e+01 9.240e+00
-20.6441 4.849e+01 1.902e+02 4.471e+01 1.183e+01
-20.4853 5.885e+01 2.427e+02 5.369e+01 1.495e+01
-20.3265 7.100e+01 3.091e+02 6.398e+01 1.866e+01
-20.1676 8.510e+01 3.924e+02 7.586e+01 2.297e+01
-20.0088 1.012e+02 4.968e+02 9.039e+01 2.790e+01
-19.8500 1.195e+02 6.270e+02 1.064e+02 3.342e+01
-19.6912 1.397e+02 7.883e+02 1.239e+02 3.948e+01
-19.5324 1.616e+02 9.875e+02 1.429e+02 4.596e+01
-19.3735 1.971e+02 1.232e+03 1.740e+02 5.623e+01
-19.2147 2.449e+02 1.531e+03 2.161e+02 6.989e+01
-19.0559 3.030e+02 1.894e+03 2.685e+02 8.636e+01
-18.8971 3.734e+02 2.334e+03 3.314e+02 1.062e+02
-18.7382 4.583e+02 2.864e+03 4.047e+02 1.300e+02
-18.5794 5.604e+02 3.503e+03 4.945e+02 1.586e+02
-18.4206 6.831e+02 4.269e+03 6.030e+02 1.930e+02
-18.2618 8.301e+02 5.188e+03 7.331e+02 2.345e+02
-18.1029 1.006e+03 6.288e+03 8.886e+02 2.845e+02
-17.9441 1.217e+03 7.604e+03 1.076e+03 3.448e+02
-17.7853 1.469e+03 9.179e+03 1.299e+03 4.177e+02
-17.6265 1.770e+03 1.106e+04 1.562e+03 5.055e+02
-17.4676 2.130e+03 1.331e+04 1.876e+03 6.113e+02
-17.3088 2.559e+03 1.599e+04 2.252e+03 7.382e+02
-17.1500 3.071e+03 1.919e+04 2.699e+03 8.898e+02
-16.9912 3.680e+03 2.300e+04 3.229e+03 1.070e+03
-16.8324 4.403e+03 2.752e+04 3.859e+03 1.283e+03
-16.6735 5.259e+03 3.287e+04 4.603e+03 1.533e+03
-16.5147 6.267e+03 3.917e+04 5.481e+03 1.824e+03
-16.3559 7.451e+03 4.657e+04 6.511e+03 2.161e+03
-16.1971 8.835e+03 5.522e+04 7.722e+03 2.547e+03
-16.0382 1.044e+04 6.527e+04 9.130e+03 2.987e+03
-15.8794 1.230e+04 7.690e+04 1.076e+04 3.485e+03
-15.7206 1.444e+04 9.027e+04 1.265e+04 4.043e+03
-15.5618 1.689e+04 1.056e+05 1.481e+04 4.666e+03
-15.4029 1.967e+04 1.230e+05 1.732e+04 5.355e+03
-15.2441 2.283e+04 1.427e+05 2.027e+04 6.114e+03
-15.0853 2.638e+04 1.649e+05 2.357e+04 6.945e+03
-14.9265 3.036e+04 1.897e+05 2.716e+04 7.847e+03
-14.7676 3.480e+04 2.175e+05 3.118e+04 8.821e+03
-14.6088 3.974e+04 2.484e+05 3.566e+04 9.863e+03
-14.4500 4.519e+04 2.824e+05 4.063e+04 1.097e+04
-14.2912 5.118e+04 3.199e+05 4.618e+04 1.214e+04
-14.1324 5.774e+04 3.609e+05 5.237e+04 1.335e+04
-13.9735 6.487e+04 4.054e+05 5.915e+04 1.461e+04
-13.8147 7.257e+04 4.535e+05 6.654e+04 1.588e+04
-13.6559 8.084e+04 5.052e+05 7.443e+04 1.717e+04
-13.4971 8.967e+04 5.604e+05 8.283e+04 1.845e+04
-13.3382 9.903e+04 6.190e+05 9.178e+04 1.970e+04
-13.1794 1.089e+05 6.807e+05 1.013e+05 2.091e+04
-13.0206 1.193e+05 7.454e+05 1.113e+05 2.205e+04
-12.8618 1.301e+05 8.128e+05 1.218e+05 2.312e+04
-12.7029 1.412e+05 8.828e+05 1.327e+05 2.408e+04
-12.5441 1.528e+05 9.549e+05 1.441e+05 2.492e+04
-12.3853 1.646e+05 1.029e+06 1.555e+05 2.562e+04
-12.2265 1.767e+05 1.104e+06 1.671e+05 2.614e+04
-12.0676 1.889e+05 1.181e+06 1.795e+05 2.643e+04
-11.9088 2.012e+05 1.258e+06 1.920e+05 2.648e+04
-11.7500 2.135e+05 1.334e+06 2.046e+05 2.627e+04
-11.5912 2.256e+05 1.410e+06 2.169e+05 2.579e+04
-11.4324 2.374e+05 1.484e+06 2.291e+05 2.502e+04
-11.2735 2.489e+05 1.555e+06 2.411e+05 2.395e+04
-11.1147 2.599e+05 1.624e+06 2.529e+05 2.258e+04
-10.9559 2.702e+05 1.689e+06 2.641e+05 2.089e+04
-10.7971 2.798e+05 1.749e+06 2.745e+05 1.888e+04
-10.6382 2.884e+05 1.803e+06 2.841e+05 1.656e+04
-10.4794 2.959e+05 1.850e+06 2.926e+05 1.398e+04
-10.3206 3.022e+05 1.889e+06 3.000e+05 1.120e+04
-10.1618 3.070e+05 1.919e+06 3.060e+05 8.371e+03
-10.0029 3.103e+05 1.940e+06 3.095e+05 5.832e+03
-9.8441 3.120e+05 1.950e+06 3.125e+05 4.533e+03
-9.6853 3.122e+05 1.951e+06 3.145e+05 5.565e+03
-9.5265 3.108e+05 1.943e+06 3.149e+05 8.039e+03
-9.3676 3.081e+05 1.925e+06 3.137e+05 1.096e+04
-9.2088 3.039e+05 1.899e+06 3.106e+05 1.406e+04
-9.0500 2.983e+05 1.864e+06 3.060e+05 1.745e+04
-8.8912 2.909e+05 1.818e+06 3.004e+05 2.129e+04
-8.7324 2.812e+05 1.758e+06 2.917e+05 2.561e+04
-8.5735 2.688e+05 1.680e+06 2.802e+05 3.021e+04
-8.4147 2.536e+05 1.585e+06 2.663e+05 3.471e+04
-8.2559 2.356e+05 1.472e+06 2.495e+05 3.863e+04
-8.0971 2.153e+05 1.346e+06 2.299e+05 4.155e+04
-7.9382 1.934e+05 1.209e+06 2.082e+05 4.318e+04
-7.7794 1.707e+05 1.067e+06 1.851e+05 4.336e+04
-7.6206 1.483e+05 9.268e+05 1.619e+05 4.215e+04
-7.4618 1.268e+05 7.925e+05 1.394e+05 3.973e+04
-7.3029 1.068e+05 6.678e+05 1.182e+05 3.647e+04
-7.1441 8.872e+04 5.545e+05 9.890e+04 3.283e+04
-6.9853 7.237e+04 4.523e+05 8.149e+04 2.932e+04
-6.8265 5.756e+04 3.598e+05 6.575e+04 2.622e+04
-6.6676 4.411e+04 2.757e+05 5.174e+04 2.346e+04
-6.5088 3.201e+04 2.000e+05 3.851e+04 2.073e+04
-6.3500 2.153e+04 1.346e+05 2.671e+04 1.768e+04
-6.1912 1.308e+04 8.177e+04 1.681e+04 1.410e+04
-6.0324 6.968e+03 4.355e+04 9.301e+03 1.015e+04
-5.8735 3.139e+03 1.962e+04 4.351e+03 6.313e+03
-5.7147 1.147e+03 7.172e+03 1.636e+03 3.214e+03
-5.5559 3.285e+02 2.053e+03 4.876e+02 1.259e+03
-5.3971 7.115e+01 4.447e+02 1.085e+02 3.561e+02
-5.2382 1.188e+01 7.428e+01 1.819e+01 6.753e+01
-5.0794 1.829e+00 1.143e+01 2.725e+00 8.640e+00
