LF_x LF_y1 LF_y med spread
-31.9206 1.409e-07 1.761e-07 1.578e-07 2.178e-05
-31.7618 1.865e-07 2.332e-07 2.077e-07 2.682e-05
-31.6029 2.466e-07 3.082e-07 2.731e-07 3.289e-05
-31.4441 3.256e-07 4.071e-07 3.588e-07 4.015e-05
-31.2853 4.297e-07 5.371e-07 4.709e-07 4.883e-05
-31.1265 5.665e-07 7.082e-07 6.177e-07 5.920e-05
-30.9676 7.466e-07 9.332e-07 8.098e-07 7.156e-05
-30.8088 9.784e-07 1.229e-06 1.056e-06 8.585e-05
-30.6500 1.276e-06 1.619e-06 1.370e-06 1.023e-04
-30.4912 1.663e-06 2.131e-06 1.777e-06 1.216e-04
-30.3324 2.168e-06 2.804e-06 2.304e-06 1.444e-04
-30.1735 2.825e-06 3.690e-06 3.013e-06 1.711e-04
-30.0147 3.680e-06 4.855e-06 3.942e-06 2.025e-04
-29.8559 4.794e-06 6.387e-06 5.155e-06 2.394e-04
-29.6971 6.243e-06 8.403e-06 6.738e-06 2.827e-04
-29.5382 8.130e-06 1.105e-05 8.803e-06 3.335e-04
-29.3794 1.059e-05 1.454e-05 1.150e-05 3.932e-04
-29.2206 1.378e-05 1.913e-05 1.501e-05 4.632e-04
-29.0618 1.794e-05 2.516e-05 1.969e-05 5.453e-04
-28.9029 2.336e-05 3.310e-05 2.585e-05 6.417e-04
-28.7441 3.041e-05 4.354e-05 3.392e-05 7.543e-04
-28.5853 3.958e-05 5.727e-05 4.450e-05 8.831e-04
-28.4265 5.151e-05 7.534e-05 5.835e-05 1.034e-03
-28.2676 6.704e-05 9.911e-05 7.649e-05 1.210e-03
-28.1088 8.724e-05 1.304e-04 9.971e-05 1.417e-03
-27.9500 1.135e-04 1.715e-04 1.293e-04 1.660e-03
-27.7912 1.477e-04 2.257e-04 1.677e-04 1.945e-03
-27.6324 1.922e-04 2.970e-04 2.175e-04 2.280e-03
-27.4735 2.501e-04 3.908e-04 2.821e-04 2.673e-03
-27.3147 3.253e-04 5.143e-04 3.658e-04 3.134e-03
-27.1559 4.232e-04 6.768e-04 4.744e-04 3.676e-03
-26.9971 5.504e-04 8.907e-04 6.151e-04 4.312e-03
-26.8382 7.159e-04 1.172e-03 7.976e-04 5.060e-03
-26.6794 9.309e-04 1.543e-03 1.034e-03 5.938e-03
-26.5206 1.211e-03 2.031e-03 1.341e-03 6.970e-03
-26.3618 1.574e-03 2.674e-03 1.738e-03 8.182e-03
-26.2029 2.046e-03 3.520e-03 2.253e-03 9.606e-03
-26.0441 2.659e-03 4.634e-03 2.921e-03 1.128e-02
-25.8853 3.456e-03 6.101e-03 3.825e-03 1.324e-02
-25.7265 4.490e-03 8.033e-03 5.013e-03 1.555e-02
-25.5676 5.832e-03 1.058e-02 6.566e-03 1.825e-02
-25.4088 7.575e-03 1.393e-02 8.537e-03 2.142e-02
-25.2500 9.835e-03 1.834e-02 1.103e-02 2.513e-02
-25.0912 1.277e-02 2.416e-02 1.425e-02 2.947e-02
-24.9324 1.657e-02 3.182e-02 1.840e-02 3.455e-02
-24.7735 2.149e-02 4.191e-02 2.375e-02 4.046e-02
-24.6147 2.787e-02 5.520e-02 3.064e-02 4.736e-02
-24.4559 3.613e-02 7.271e-02 3.952e-02 5.536e-02
-24.2971 4.681e-02 9.579e-02 5.095e-02 6.464e-02
-24.1382 6.063e-02 1.262e-01 6.564e-02 7.536e-02
-23.9794 7.848e-02 1.662e-01 8.452e-02 8.768e-02
-23.8206 1.015e-01 2.190e-01 1.092e-01 1.018e-01
-23.6618 1.313e-01 2.886e-01 1.418e-01 1.179e-01
-23.5029 1.696e-01 3.802e-01 1.814e-01 1.361e-01
-23.3441 2.190e-01 5.010e-01 2.328e-01 1.565e-01
-23.1853 2.825e-01 6.601e-01 3.000e-01 1.792e-01
-23.0265 3.642e-01 8.698e-01 3.930e-01 2.041e-01
-22.8676 4.690e-01 1.146e+00 5.122e-01 2.312e-01
-22.7088 6.033e-01 1.510e+00 6.563e-01 2.600e-01
-22.5500 7.752e-01 1.989e+00 8.314e-01 2.900e-01
-22.3912 9.949e-01 2.621e+00 1.057e+00 3.207e-01
-22.2324 1.275e+00 3.453e+00 1.355e+00 3.512e-01
-22.0735 1.632e+00 4.548e+00 1.717e+00 3.812e-01
-21.9147 2.085e+00 5.989e+00 2.187e+00 4.112e-01
-21.7559 2.660e+00 7.886e+00 2.772e+00 4.447e-01
-21.5971 3.386e+00 1.038e+01 3.532e+00 4.906e-01
-21.4382 4.301e+00 1.366e+01 4.436e+00 5.667e-01
-21.2794 5.451e+00 1.798e+01 5.559e+00 7.004e-01
-21.1206 6.891e+00 2.364e+01 6.891e+00 9.232e-01
-20.9618 8.685e+00 3.107e+01 8.623e+00 1.266e+00
-20.8029 1.091e+01 4.081e+01 1.077e+01 1.760e+00
-20.6441 1.366e+01 5.356e+01 1.330e+01 2.439e+00
-20.4853 1.703e+01 7.023e+01 1.639e+01 3.339e+00
-20.3265 2.113e+01 9.197e+01 2.021e+01 4.500e+00
-20.1676 2.608e+01 1.203e+02 2.503e+01 5.964e+00
-20.0088 3.199e+01 1.570e+02 3.068e+01 7.763e+00
-19.8500 3.895e+01 2.044e+02 3.704e+01 9.921e+00
-19.6912 4.703e+01 2.655e+02 4.449e+01 1.244e+01
-19.5324 5.622e+01 3.436e+02 5.333e+01 1.530e+01
-19.3735 7.086e+01 4.429e+02 6.724e+01 1.966e+01
-19.2147 9.092e+01 5.683e+02 8.641e+01 2.551e+01
-19.0559 1.160e+02 7.253e+02 1.110e+02 3.272e+01
-18.8971 1.473e+02 9.203e+02 1.418e+02 4.149e+01
-18.7382 1.857e+02 1.161e+03 1.781e+02 5.208e+01
-18.5794 2.328e+02 1.455e+03 2.212e+02 6.477e+01
-18.4206 2.900e+02 1.813e+03 2.760e+02 7.993e+01
-18.2618 3.593e+02 2.245e+03 3.426e+02 9.804e+01
-18.1029 4.427e+02 2.767e+03 4.230e+02 1.197e+02
-17.9441 5.431e+02 3.394e+03 5.197e+02 1.456e+02
-17.7853 6.636e+02 4.147e+03 6.359e+02 1.769e+02
-17.6265 8.082e+02 5.051e+03 7.754e+02 2.147e+02
-17.4676 9.820e+02 6.138e+03 9.428e+02 2.606e+02
-17.3088 1.191e+03 7.443e+03 1.144e+03 3.166e+02
-17.1500 1.442e+03 9.015e+03 1.385e+03 3.849e+02
-16.9912 1.745e+03 1.091e+04 1.676e+03 4.683e+02
-16.8324 2.110e+03 1.319e+04 2.026e+03 5.700e+02
-16.6735 2.550e+03 1.593e+04 2.447e+03 6.935e+02
-16.5147 3.079e+03 1.924e+04 2.953e+03 8.427e+02
-16.3559 3.714e+03 2.322e+04 3.561e+03 1.022e+03
-16.1971 4.476e+03 2.797e+04 4.290e+03 1.235e+03
-16.0382 5.384e+03 3.365e+04 5.161e+03 1.487e+03
-15.8794 6.463e+03 4.039e+04 6.196e+03 1.782e+03
-15.7206 7.736e+03 4.835e+04 7.433e+03 2.123e+03
-15.5618 9.230e+03 5.769e+04 8.845e+03 2.514e+03
-15.4029 1.097e+04 6.857e+04 1.047e+04 2.960e+03
-15.2441 1.299e+04 8.117e+04 1.241e+04 3.463e+03
-15.0853 1.531e+04 9.568e+04 1.463e+04 4.028e+03
-14.9265 1.797e+04 1.123e+05 1.711e+04 4.657e+03
-14.7676 2.099e+04 1.312e+05 2.002e+04 5.354e+03
-14.6088 2.442e+04 1.526e+05 2.333e+04 6.122e+03
-14.4500 2.828e+04 1.768e+05 2.707e+04 6.964e+03
-14.2912 3.262e+04 2.039e+05 3.127e+04 7.880e+03
-14.1324 3.747e+04 2.342e+05 3.597e+04 8.869e+03
-13.9735 4.286e+04 2.679e+05 4.126e+04 9.927e+03
-13.8147 4.882e+04 3.051e+05 4.712e+04 1.105e+04
-13.6559 5.536e+04 3.460e+05 5.360e+04 1.222e+04
-13.4971 6.251e+04 3.907e+05 6.064e+04 1.343e+04
-13.3382 7.025e+04 4.391e+05 6.830e+04 1.467e+04
-13.1794 7.860e+04 4.912e+05 7.666e+04 1.591e+04
-13.0206 8.753e+04 5.470e+05 8.580e+04 1.714e+04
-12.8618 9.701e+04 6.063e+05 9.527e+04 1.834e+04
-12.7029 1.070e+05 6.689e+05 1.053e+05 1.950e+04
-12.5441 1.175e+05 7.346e+05 1.158e+05 2.059e+04
-12.3853 1.285e+05 8.032e+05 1.268e+05 2.161e+04
-12.2265 1.399e+05 8.745e+05 1.382e+05 2.254e+04
-12.0676 1.517e+05 9.484e+05 1.496e+05 2.334e+04
-11.9088 1.639e+05 1.024e+06 1.617e+05 2.395e+04
-11.7500 1.764e+05 1.102e+06 1.743e+05 2.435e+04
-11.5912 1.890e+05 1.181e+06 1.867e+05 2.452e+04
-11.4324 2.016e+05 1.260e+06 1.999e+05 2.446e+04
-11.2735 2.143e+05 1.339e+06 2.127e+05 2.414e+04
-11.1147 2.269e+05 1.418e+06 2.255e+05 2.357e+04
-10.9559 2.392e+05 1.495e+06 2.385e+05 2.271e+04
-10.7971 2.512e+05 1.570e+06 2.505e+05 2.157e+04
-10.6382 2.628e+05 1.643e+06 2.622e+05 2.011e+04
-10.4794 2.738e+05 1.711e+06 2.737e+05 1.832e+04
-10.3206 2.840e+05 1.775e+06 2.842e+05 1.622e+04
-10.1618 2.931e+05 1.832e+06 2.934e+05 1.382e+04
-10.0029 3.011e+05 1.882e+06 3.014e+05 1.118e+04
-9.8441 3.076e+05 1.923e+06 3.083e+05 8.397e+03
-9.6853 3.126e+05 1.954e+06 3.126e+05 5.686e+03
-9.5265 3.159e+05 1.974e+06 3.159e+05 3.725e+03
-9.3676 3.175e+05 1.984e+06 3.183e+05 3.958e+03
-9.2088 3.175e+05 1.984e+06 3.189e+05 5.853e+03
-9.0500 3.164e+05 1.978e+06 3.185e+05 8.054e+03
-8.8912 3.146e+05 1.966e+06 3.164e+05 1.048e+04
-8.7324 3.119e+05 1.949e+06 3.138e+05 1.349e+04
-8.5735 3.077e+05 1.923e+06 3.093e+05 1.736e+04
-8.4147 3.011e+05 1.882e+06 3.026e+05 2.204e+04
-8.2559 2.912e+05 1.820e+06 2.935e+05 2.712e+04
-8.0971 2.776e+05 1.735e+06 2.803e+05 3.206e+04
-7.9382 2.602e+05 1.626e+06 2.627e+05 3.630e+04
-7.7794 2.394e+05 1.496e+06 2.417e+05 3.936e+04
-7.6206 2.162e+05 1.351e+06 2.186e+05 4.095e+04
-7.4618 1.915e+05 1.197e+06 1.940e+05 4.089e+04
-7.3029 1.667e+05 1.042e+06 1.689e+05 3.923e+04
-7.1441 1.430e+05 8.937e+05 1.449e+05 3.625e+04
-6.9853 1.212e+05 7.577e+05 1.229e+05 3.255e+04
-6.8265 1.018e+05 6.360e+05 1.032e+05 2.900e+04
-6.6676 8.423e+04 5.264e+05 8.553e+04 2.618e+04
-6.5088 6.800e+04 4.250e+05 6.956e+04 2.410e+04
-6.3500 5.254e+04 3.284e+05 5.376e+04 2.233e+04
-6.1912 3.787e+04 2.367e+05 3.900e+04 2.009e+04
-6.0324 2.467e+04 1.542e+05 2.557e+04 1.679e+04
-5.8735 1.398e+04 8.738e+04 1.448e+04 1.241e+04
-5.7147 6.583e+03 4.115e+04 6.944e+03 7.662e+03
-5.5559 2.459e+03 1.537e+04 2.617e+03 3.717e+03
-5.3971 6.928e+02 4.330e+03 7.428e+02 1.321e+03
-5.2382 1.407e+02 8.792e+02 1.509e+02 3.232e+02
-5.0794 2.146e+01 1.341e+02 2.282e+01 4.926e+01
