LF_x LF_y1 LF_y med spread x_data y_data y_data_err_m y_data_err_p
-31.9206 4.568e-06 5.710e-06 5.179e-06 6.816e-06 -2.863e+01 1.800e-01 1.300e-01 1.300e-01
-31.7618 1.390e-05 1.737e-05 1.545e-05 1.543e-05 -2.838e+01 1.800e-01 1.300e-01 1.300e-01
-31.6029 3.758e-05 4.698e-05 4.098e-05 3.275e-05 -2.813e+01 9.200e-02 9.200e-02 9.200e-02
-31.4441 9.178e-05 1.147e-04 9.698e-05 6.604e-05 -2.788e+01 5.500e-01 2.300e-01 2.300e-01
-31.2853 2.052e-04 2.565e-04 2.052e-04 1.276e-04 -2.763e+01 8.300e-01 2.800e-01 2.800e-01
-31.1265 4.253e-04 5.316e-04 4.098e-04 2.376e-04 -2.738e+01 2.120e+00 4.400e-01 4.400e-01
-30.9676 8.254e-04 1.032e-03 7.938e-04 4.263e-04 -2.713e+01 2.770e+00 5.100e-01 5.100e-01
-30.8088 1.506e-03 1.892e-03 1.470e-03 7.331e-04 -2.688e+01 4.990e+00 6.800e-01 6.800e-01
-30.6500 2.606e-03 3.305e-03 2.502e-03 1.209e-03 -2.663e+01 6.280e+00 7.600e-01 7.600e-01
-30.4912 4.321e-03 5.535e-03 4.150e-03 1.919e-03 -2.638e+01 7.720e+00 8.700e-01 8.700e-01
-30.3324 6.909e-03 8.937e-03 6.626e-03 2.942e-03 -2.613e+01 6.390e+00 1.710e+00 1.710e+00
-30.1735 1.070e-02 1.398e-02 1.026e-02 4.361e-03 -2.707e+01 1.200e+01 1.580e+01 7.800e+00
-30.0147 1.614e-02 2.129e-02 1.548e-02 6.270e-03 -2.657e+01 6.000e+00 1.390e+01 5.000e+00
-29.8559 2.375e-02 3.165e-02 2.266e-02 8.765e-03 -2.607e+01 1.800e+01 1.750e+01 9.800e+00
-29.6971 3.424e-02 4.609e-02 3.270e-02 1.195e-02 -2.557e+01 2.980e+01 2.010e+01 1.290e+01
-29.5382 4.848e-02 6.592e-02 4.640e-02 1.591e-02 -2.507e+01 7.780e+01 2.810e+01 2.130e+01
-29.3794 6.755e-02 9.278e-02 6.483e-02 2.075e-02 -2.457e+01 5.390e+01 2.460e+01 1.760e+01
-29.2206 9.280e-02 1.288e-01 8.927e-02 2.655e-02 -2.407e+01 1.070e+02 3.200e+01 2.500e+01
-29.0618 1.259e-01 1.765e-01 1.217e-01 3.338e-02 -2.357e+01 1.250e+02 3.400e+01 2.700e+01
-28.9029 1.689e-01 2.393e-01 1.635e-01 4.129e-02 0.000e+00 1.000e+00 1.000e+00 1.000e+00
-28.7441 2.243e-01 3.211e-01 2.168e-01 5.028e-02 0.000e+00 1.000e+00 1.000e+00 1.000e+00
-28.5853 2.951e-01 4.270e-01 2.861e-01 6.035e-02 0.000e+00 1.000e+00 1.000e+00 1.000e+00
-28.4265 3.850e-01 5.631e-01 3.743e-01 7.142e-02 0.000e+00 1.000e+00 1.000e+00 1.000e+00
-28.2676 4.985e-01 7.370e-01 4.847e-01 8.337e-02 0.000e+00 1.000e+00 1.000e+00 1.000e+00
-28.1088 6.409e-01 9.580e-01 6.260e-01 9.602e-02 0.000e+00 1.000e+00 1.000e+00 1.000e+00
-27.9500 8.186e-01 1.237e+00 7.990e-01 1.091e-01 0.000e+00 1.000e+00 1.000e+00 1.000e+00
-27.7912 1.039e+00 1.588e+00 1.020e+00 1.224e-01 0.000e+00 1.000e+00 1.000e+00 1.000e+00
-27.6324 1.311e+00 2.026e+00 1.286e+00 1.356e-01 0.000e+00 1.000e+00 1.000e+00 1.000e+00
-27.4735 1.646e+00 2.572e+00 1.624e+00 1.485e-01 0.000e+00 1.000e+00 1.000e+00 1.000e+00
-27.3147 2.055e+00 3.249e+00 2.030e+00 1.611e-01 0.000e+00 1.000e+00 1.000e+00 1.000e+00
-27.1559 2.554e+00 4.084e+00 2.519e+00 1.743e-01 0.000e+00 1.000e+00 1.000e+00 1.000e+00
-26.9971 3.159e+00 5.111e+00 3.138e+00 1.895e-01 0.000e+00 1.000e+00 1.000e+00 1.000e+00
-26.8382 3.889e+00 6.369e+00 3.903e+00 2.103e-01 0.000e+00 1.000e+00 1.000e+00 1.000e+00
-26.6794 4.768e+00 7.903e+00 4.756e+00 2.420e-01 0.000e+00 1.000e+00 1.000e+00 1.000e+00
-26.5206 5.822e+00 9.768e+00 5.793e+00 2.915e-01 0.000e+00 1.000e+00 1.000e+00 1.000e+00
-26.3618 7.081e+00 1.203e+01 7.033e+00 3.662e-01 0.000e+00 1.000e+00 1.000e+00 1.000e+00
-26.2029 8.572e+00 1.475e+01 8.542e+00 4.738e-01 0.000e+00 1.000e+00 1.000e+00 1.000e+00
-26.0441 1.032e+01 1.798e+01 1.027e+01 6.267e-01 0.000e+00 1.000e+00 1.000e+00 1.000e+00
-25.8853 1.238e+01 2.186e+01 1.234e+01 8.336e-01 0.000e+00 1.000e+00 1.000e+00 1.000e+00
-25.7265 1.480e+01 2.648e+01 1.477e+01 1.103e+00 0.000e+00 1.000e+00 1.000e+00 1.000e+00
-25.5676 1.763e+01 3.198e+01 1.761e+01 1.447e+00 0.000e+00 1.000e+00 1.000e+00 1.000e+00
-25.4088 2.094e+01 3.850e+01 2.094e+01 1.877e+00 0.000e+00 1.000e+00 1.000e+00 1.000e+00
-25.2500 2.478e+01 4.622e+01 2.475e+01 2.409e+00 0.000e+00 1.000e+00 1.000e+00 1.000e+00
-25.0912 2.924e+01 5.532e+01 2.932e+01 3.060e+00 0.000e+00 1.000e+00 1.000e+00 1.000e+00
-24.9324 3.439e+01 6.604e+01 3.443e+01 3.851e+00 0.000e+00 1.000e+00 1.000e+00 1.000e+00
-24.7735 4.032e+01 7.862e+01 4.036e+01 4.805e+00 0.000e+00 1.000e+00 1.000e+00 1.000e+00
-24.6147 4.714e+01 9.337e+01 4.724e+01 5.949e+00 0.000e+00 1.000e+00 1.000e+00 1.000e+00
-24.4559 5.496e+01 1.106e+02 5.509e+01 7.313e+00 0.000e+00 1.000e+00 1.000e+00 1.000e+00
-24.2971 6.389e+01 1.307e+02 6.432e+01 8.933e+00 0.000e+00 1.000e+00 1.000e+00 1.000e+00
-24.1382 7.407e+01 1.542e+02 7.466e+01 1.085e+01 0.000e+00 1.000e+00 1.000e+00 1.000e+00
-23.9794 8.564e+01 1.814e+02 8.671e+01 1.310e+01 0.000e+00 1.000e+00 1.000e+00 1.000e+00
-23.8206 9.875e+01 2.130e+02 1.000e+02 1.575e+01 0.000e+00 1.000e+00 1.000e+00 1.000e+00
-23.6618 1.136e+02 2.497e+02 1.150e+02 1.885e+01 0.000e+00 1.000e+00 1.000e+00 1.000e+00
-23.5029 1.303e+02 2.921e+02 1.319e+02 2.246e+01 0.000e+00 1.000e+00 1.000e+00 1.000e+00
-23.3441 1.491e+02 3.412e+02 1.507e+02 2.665e+01 0.000e+00 1.000e+00 1.000e+00 1.000e+00
-23.1853 1.703e+02 3.978e+02 1.711e+02 3.151e+01 0.000e+00 1.000e+00 1.000e+00 1.000e+00
-23.0265 1.939e+02 4.632e+02 1.939e+02 3.713e+01 0.000e+00 1.000e+00 1.000e+00 1.000e+00
-22.8676 2.204e+02 5.386e+02 2.202e+02 4.360e+01 0.000e+00 1.000e+00 1.000e+00 1.000e+00
-22.7088 2.499e+02 6.254e+02 2.480e+02 5.103e+01 0.000e+00 1.000e+00 1.000e+00 1.000e+00
-22.5500 2.826e+02 7.253e+02 2.801e+02 5.954e+01 0.000e+00 1.000e+00 1.000e+00 1.000e+00
-22.3912 3.190e+02 8.404e+02 3.156e+02 6.924e+01 0.000e+00 1.000e+00 1.000e+00 1.000e+00
-22.2324 3.593e+02 9.728e+02 3.524e+02 8.028e+01 0.000e+00 1.000e+00 1.000e+00 1.000e+00
-22.0735 4.037e+02 1.125e+03 3.959e+02 9.278e+01 0.000e+00 1.000e+00 1.000e+00 1.000e+00
-21.9147 4.527e+02 1.300e+03 4.453e+02 1.069e+02 0.000e+00 1.000e+00 1.000e+00 1.000e+00
-21.7559 5.064e+02 1.502e+03 4.978e+02 1.227e+02 0.000e+00 1.000e+00 1.000e+00 1.000e+00
-21.5971 5.653e+02 1.733e+03 5.518e+02 1.405e+02 0.000e+00 1.000e+00 1.000e+00 1.000e+00
-21.4382 6.295e+02 2.000e+03 6.103e+02 1.602e+02 0.000e+00 1.000e+00 1.000e+00 1.000e+00
-21.2794 6.994e+02 2.306e+03 6.799e+02 1.821e+02 0.000e+00 1.000e+00 1.000e+00 1.000e+00
-21.1206 7.751e+02 2.659e+03 7.539e+02 2.062e+02 0.000e+00 1.000e+00 1.000e+00 1.000e+00
-20.9618 8.568e+02 3.065e+03 8.243e+02 2.326e+02 0.000e+00 1.000e+00 1.000e+00 1.000e+00
-20.8029 9.445e+02 3.532e+03 8.989e+02 2.613e+02 0.000e+00 1.000e+00 1.000e+00 1.000e+00
-20.6441 1.038e+03 4.070e+03 9.777e+02 2.922e+02 0.000e+00 1.000e+00 1.000e+00 1.000e+00
-20.4853 1.137e+03 4.690e+03 1.074e+03 3.252e+02 0.000e+00 1.000e+00 1.000e+00 1.000e+00
-20.3265 1.241e+03 5.403e+03 1.163e+03 3.602e+02 0.000e+00 1.000e+00 1.000e+00 1.000e+00
-20.1676 1.350e+03 6.224e+03 1.273e+03 3.968e+02 0.000e+00 1.000e+00 1.000e+00 1.000e+00
-20.0088 1.461e+03 7.170e+03 1.379e+03 4.345e+02 0.000e+00 1.000e+00 1.000e+00 1.000e+00
-19.8500 1.574e+03 8.259e+03 1.469e+03 4.726e+02 0.000e+00 1.000e+00 1.000e+00 1.000e+00
-19.6912 1.685e+03 9.513e+03 1.586e+03 5.103e+02 0.000e+00 1.000e+00 1.000e+00 1.000e+00
-19.5324 1.793e+03 1.096e+04 1.704e+03 5.465e+02 0.000e+00 1.000e+00 1.000e+00 1.000e+00
-19.3735 2.019e+03 1.262e+04 1.927e+03 6.185e+02 0.000e+00 1.000e+00 1.000e+00 1.000e+00
-19.2147 2.324e+03 1.453e+04 2.220e+03 7.147e+02 0.000e+00 1.000e+00 1.000e+00 1.000e+00
-19.0559 2.676e+03 1.672e+04 2.564e+03 8.244e+02 0.000e+00 1.000e+00 1.000e+00 1.000e+00
-18.8971 3.079e+03 1.925e+04 2.945e+03 9.493e+02 0.000e+00 1.000e+00 1.000e+00 1.000e+00
-18.7382 3.543e+03 2.215e+04 3.379e+03 1.091e+03 0.000e+00 1.000e+00 1.000e+00 1.000e+00
-18.5794 4.076e+03 2.547e+04 3.875e+03 1.252e+03 0.000e+00 1.000e+00 1.000e+00 1.000e+00
-18.4206 4.686e+03 2.929e+04 4.460e+03 1.434e+03 0.000e+00 1.000e+00 1.000e+00 1.000e+00
-18.2618 5.386e+03 3.366e+04 5.119e+03 1.639e+03 0.000e+00 1.000e+00 1.000e+00 1.000e+00
-18.1029 6.187e+03 3.867e+04 5.864e+03 1.871e+03 0.000e+00 1.000e+00 1.000e+00 1.000e+00
-17.9441 7.103e+03 4.439e+04 6.714e+03 2.130e+03 0.000e+00 1.000e+00 1.000e+00 1.000e+00
-17.7853 8.150e+03 5.094e+04 7.724e+03 2.422e+03 0.000e+00 1.000e+00 1.000e+00 1.000e+00
-17.6265 9.344e+03 5.840e+04 8.851e+03 2.748e+03 0.000e+00 1.000e+00 1.000e+00 1.000e+00
-17.4676 1.071e+04 6.691e+04 1.014e+04 3.112e+03 0.000e+00 1.000e+00 1.000e+00 1.000e+00
-17.3088 1.225e+04 7.659e+04 1.160e+04 3.516e+03 0.000e+00 1.000e+00 1.000e+00 1.000e+00
-17.1500 1.401e+04 8.758e+04 1.326e+04 3.965e+03 0.000e+00 1.000e+00 1.000e+00 1.000e+00
-16.9912 1.601e+04 1.000e+05 1.515e+04 4.460e+03 0.000e+00 1.000e+00 1.000e+00 1.000e+00
-16.8324 1.826e+04 1.141e+05 1.728e+04 5.006e+03 0.000e+00 1.000e+00 1.000e+00 1.000e+00
-16.6735 2.081e+04 1.301e+05 1.970e+04 5.604e+03 0.000e+00 1.000e+00 1.000e+00 1.000e+00
-16.5147 2.368e+04 1.480e+05 2.242e+04 6.258e+03 0.000e+00 1.000e+00 1.000e+00 1.000e+00
-16.3559 2.690e+04 1.681e+05 2.548e+04 6.967e+03 0.000e+00 1.000e+00 1.000e+00 1.000e+00
-16.1971 3.051e+04 1.907e+05 2.891e+04 7.734e+03 0.000e+00 1.000e+00 1.000e+00 1.000e+00
-16.0382 3.453e+04 2.158e+05 3.275e+04 8.557e+03 0.000e+00 1.000e+00 1.000e+00 1.000e+00
-15.8794 3.901e+04 2.438e+05 3.703e+04 9.436e+03 0.000e+00 1.000e+00 1.000e+00 1.000e+00
-15.7206 4.399e+04 2.749e+05 4.178e+04 1.037e+04 0.000e+00 1.000e+00 1.000e+00 1.000e+00
-15.5618 4.948e+04 3.093e+05 4.704e+04 1.134e+04 0.000e+00 1.000e+00 1.000e+00 1.000e+00
-15.4029 5.553e+04 3.471e+05 5.285e+04 1.236e+04 0.000e+00 1.000e+00 1.000e+00 1.000e+00
-15.2441 6.217e+04 3.886e+05 5.924e+04 1.341e+04 0.000e+00 1.000e+00 1.000e+00 1.000e+00
-15.0853 6.942e+04 4.339e+05 6.623e+04 1.447e+04 0.000e+00 1.000e+00 1.000e+00 1.000e+00
-14.9265 7.732e+04 4.832e+05 7.386e+04 1.555e+04 0.000e+00 1.000e+00 1.000e+00 1.000e+00
-14.7676 8.587e+04 5.367e+05 8.215e+04 1.661e+04 0.000e+00 1.000e+00 1.000e+00 1.000e+00
-14.6088 9.509e+04 5.943e+05 9.111e+04 1.764e+04 0.000e+00 1.000e+00 1.000e+00 1.000e+00
-14.4500 1.050e+05 6.561e+05 1.008e+05 1.862e+04 0.000e+00 1.000e+00 1.000e+00 1.000e+00
-14.2912 1.155e+05 7.222e+05 1.111e+05 1.953e+04 0.000e+00 1.000e+00 1.000e+00 1.000e+00
-14.1324 1.268e+05 7.923e+05 1.221e+05 2.033e+04 0.000e+00 1.000e+00 1.000e+00 1.000e+00
-13.9735 1.386e+05 8.663e+05 1.337e+05 2.100e+04 0.000e+00 1.000e+00 1.000e+00 1.000e+00
-13.8147 1.510e+05 9.439e+05 1.460e+05 2.151e+04 0.000e+00 1.000e+00 1.000e+00 1.000e+00
-13.6559 1.640e+05 1.025e+06 1.590e+05 2.182e+04 0.000e+00 1.000e+00 1.000e+00 1.000e+00
-13.4971 1.773e+05 1.108e+06 1.724e+05 2.192e+04 0.000e+00 1.000e+00 1.000e+00 1.000e+00
-13.3382 1.910e+05 1.194e+06 1.862e+05 2.176e+04 0.000e+00 1.000e+00 1.000e+00 1.000e+00
-13.1794 2.049e+05 1.281e+06 2.003e+05 2.133e+04 0.000e+00 1.000e+00 1.000e+00 1.000e+00
-13.0206 2.189e+05 1.368e+06 2.146e+05 2.060e+04 0.000e+00 1.000e+00 1.000e+00 1.000e+00
-12.8618 2.328e+05 1.455e+06 2.286e+05 1.955e+04 0.000e+00 1.000e+00 1.000e+00 1.000e+00
-12.7029 2.465e+05 1.540e+06 2.425e+05 1.819e+04 0.000e+00 1.000e+00 1.000e+00 1.000e+00
-12.5441 2.596e+05 1.623e+06 2.560e+05 1.650e+04 0.000e+00 1.000e+00 1.000e+00 1.000e+00
-12.3853 2.722e+05 1.701e+06 2.689e+05 1.449e+04 0.000e+00 1.000e+00 1.000e+00 1.000e+00
-12.2265 2.839e+05 1.774e+06 2.808e+05 1.217e+04 0.000e+00 1.000e+00 1.000e+00 1.000e+00
-12.0676 2.946e+05 1.841e+06 2.921e+05 9.595e+03 0.000e+00 1.000e+00 1.000e+00 1.000e+00
-11.9088 3.040e+05 1.900e+06 3.022e+05 6.829e+03 0.000e+00 1.000e+00 1.000e+00 1.000e+00
-11.7500 3.120e+05 1.950e+06 3.108e+05 4.096e+03 0.000e+00 1.000e+00 1.000e+00 1.000e+00
-11.5912 3.183e+05 1.990e+06 3.170e+05 2.596e+03 0.000e+00 1.000e+00 1.000e+00 1.000e+00
-11.4324 3.229e+05 2.018e+06 3.233e+05 4.459e+03 0.000e+00 1.000e+00 1.000e+00 1.000e+00
-11.2735 3.256e+05 2.035e+06 3.270e+05 7.630e+03 0.000e+00 1.000e+00 1.000e+00 1.000e+00
-11.1147 3.263e+05 2.039e+06 3.285e+05 1.105e+04 0.000e+00 1.000e+00 1.000e+00 1.000e+00
-10.9559 3.249e+05 2.030e+06 3.279e+05 1.449e+04 0.000e+00 1.000e+00 1.000e+00 1.000e+00
-10.7971 3.213e+05 2.008e+06 3.251e+05 1.784e+04 0.000e+00 1.000e+00 1.000e+00 1.000e+00
-10.6382 3.154e+05 1.971e+06 3.201e+05 2.101e+04 0.000e+00 1.000e+00 1.000e+00 1.000e+00
-10.4794 3.074e+05 1.921e+06 3.127e+05 2.392e+04 0.000e+00 1.000e+00 1.000e+00 1.000e+00
-10.3206 2.971e+05 1.857e+06 3.031e+05 2.648e+04 0.000e+00 1.000e+00 1.000e+00 1.000e+00
-10.1618 2.846e+05 1.779e+06 2.911e+05 2.861e+04 0.000e+00 1.000e+00 1.000e+00 1.000e+00
-10.0029 2.700e+05 1.688e+06 2.769e+05 3.021e+04 0.000e+00 1.000e+00 1.000e+00 1.000e+00
-9.8441 2.535e+05 1.584e+06 2.607e+05 3.123e+04 0.000e+00 1.000e+00 1.000e+00 1.000e+00
-9.6853 2.352e+05 1.470e+06 2.425e+05 3.159e+04 0.000e+00 1.000e+00 1.000e+00 1.000e+00
-9.5265 2.155e+05 1.347e+06 2.228e+05 3.130e+04 0.000e+00 1.000e+00 1.000e+00 1.000e+00
-9.3676 1.949e+05 1.218e+06 2.019e+05 3.037e+04 0.000e+00 1.000e+00 1.000e+00 1.000e+00
-9.2088 1.737e+05 1.086e+06 1.804e+05 2.886e+04 0.000e+00 1.000e+00 1.000e+00 1.000e+00
-9.0500 1.526e+05 9.537e+05 1.588e+05 2.689e+04 0.000e+00 1.000e+00 1.000e+00 1.000e+00
-8.8912 1.320e+05 8.250e+05 1.377e+05 2.456e+04 0.000e+00 1.000e+00 1.000e+00 1.000e+00
-8.7324 1.124e+05 7.023e+05 1.175e+05 2.201e+04 0.000e+00 1.000e+00 1.000e+00 1.000e+00
-8.5735 9.408e+04 5.880e+05 9.856e+04 1.936e+04 0.000e+00 1.000e+00 1.000e+00 1.000e+00
-8.4147 7.737e+04 4.836e+05 8.123e+04 1.670e+04 0.000e+00 1.000e+00 1.000e+00 1.000e+00
-8.2559 6.239e+04 3.899e+05 6.564e+04 1.411e+04 0.000e+00 1.000e+00 1.000e+00 1.000e+00
-8.0971 4.921e+04 3.076e+05 5.189e+04 1.166e+04 0.000e+00 1.000e+00 1.000e+00 1.000e+00
-7.9382 3.783e+04 2.364e+05 3.998e+04 9.391e+03 0.000e+00 1.000e+00 1.000e+00 1.000e+00
-7.7794 2.819e+04 1.762e+05 2.987e+04 7.330e+03 0.000e+00 1.000e+00 1.000e+00 1.000e+00
-7.6206 2.024e+04 1.265e+05 2.149e+04 5.508e+03 0.000e+00 1.000e+00 1.000e+00 1.000e+00
-7.4618 1.389e+04 8.679e+04 1.478e+04 3.951e+03 0.000e+00 1.000e+00 1.000e+00 1.000e+00
-7.3029 9.014e+03 5.634e+04 9.614e+03 2.678e+03 0.000e+00 1.000e+00 1.000e+00 1.000e+00
-7.1441 5.471e+03 3.419e+04 5.846e+03 1.693e+03 0.000e+00 1.000e+00 1.000e+00 1.000e+00
-6.9853 3.067e+03 1.917e+04 3.284e+03 9.863e+02 0.000e+00 1.000e+00 1.000e+00 1.000e+00
-6.8265 1.564e+03 9.776e+03 1.678e+03 5.213e+02 0.000e+00 1.000e+00 1.000e+00 1.000e+00
-6.6676 7.148e+02 4.468e+03 7.677e+02 2.463e+02 0.000e+00 1.000e+00 1.000e+00 1.000e+00
-6.5088 2.862e+02 1.789e+03 3.078e+02 1.016e+02 0.000e+00 1.000e+00 1.000e+00 1.000e+00
-6.3500 9.903e+01 6.189e+02 1.066e+02 3.613e+01 0.000e+00 1.000e+00 1.000e+00 1.000e+00
-6.1912 2.873e+01 1.796e+02 3.095e+01 1.073e+01 0.000e+00 1.000e+00 1.000e+00 1.000e+00
-6.0324 6.889e+00 4.305e+01 7.421e+00 2.624e+00 0.000e+00 1.000e+00 1.000e+00 1.000e+00
-5.8735 1.359e+00 8.493e+00 1.464e+00 5.253e-01 0.000e+00 1.000e+00 1.000e+00 1.000e+00
-5.7147 2.244e-01 1.403e+00 2.419e-01 8.782e-02 0.000e+00 1.000e+00 1.000e+00 1.000e+00
-5.5559 3.163e-02 1.977e-01 3.410e-02 1.255e-02 0.000e+00 1.000e+00 1.000e+00 1.000e+00
-5.3971 3.509e-03 2.193e-02 3.781e-03 1.420e-03 0.000e+00 1.000e+00 1.000e+00 1.000e+00
-5.2382 2.374e-04 1.484e-03 2.566e-04 9.788e-05 0.000e+00 1.000e+00 1.000e+00 1.000e+00
-5.0794 6.637e-06 4.148e-05 7.255e-06 2.769e-06 0.000e+00 1.000e+00 1.000e+00 1.000e+00
