LF_x LF_y1 LF_y med spread x_data y_data y_data_err_m y_data_err_p
-31.9206 1.179e-04 1.474e-04 1.329e-04 5.447e-04 -2.900e+01 7.900e-03 7.900e-03 7.900e-03
-31.7618 1.536e-04 1.920e-04 1.717e-04 6.669e-04 -2.750e+01 2.420e-01 6.100e-02 6.100e-02
-31.6029 1.997e-04 2.497e-04 2.214e-04 8.129e-04 -2.675e+01 5.800e-01 1.700e-01 1.700e-01
-31.4441 2.594e-04 3.242e-04 2.852e-04 9.871e-04 -2.625e+01 9.000e-01 3.200e-01 3.200e-01
-31.2853 3.364e-04 4.204e-04 3.670e-04 1.195e-03 -2.575e+01 1.330e+00 6.000e-01 6.000e-01
-31.1265 4.357e-04 5.447e-04 4.717e-04 1.441e-03 -2.525e+01 4.600e+00 1.200e+00 1.200e+00
-30.9676 5.640e-04 7.049e-04 6.058e-04 1.734e-03 -2.475e+01 7.000e+00 1.700e+00 1.700e+00
-30.8088 7.256e-04 9.116e-04 7.753e-04 2.071e-03 -2.425e+01 6.600e+00 2.000e+00 2.000e+00
-30.6500 9.287e-04 1.178e-03 9.943e-04 2.457e-03 -2.375e+01 8.300e+00 2.600e+00 2.600e+00
-30.4912 1.188e-03 1.521e-03 1.274e-03 2.910e-03 -2.325e+01 1.090e+01 3.600e+00 3.600e+00
-30.3324 1.518e-03 1.964e-03 1.632e-03 3.439e-03 -2.275e+01 2.300e+01 8.100e+00 8.100e+00
-30.1735 1.939e-03 2.533e-03 2.088e-03 4.058e-03 -2.200e+01 1.620e+01 1.620e+01 1.620e+01
-30.0147 2.476e-03 3.266e-03 2.668e-03 4.782e-03 0.000e+00 1.000e+00 1.000e+00 1.000e+00
-29.8559 3.159e-03 4.209e-03 3.380e-03 5.627e-03 0.000e+00 1.000e+00 1.000e+00 1.000e+00
-29.6971 4.028e-03 5.422e-03 4.281e-03 6.614e-03 0.000e+00 1.000e+00 1.000e+00 1.000e+00
-29.5382 5.135e-03 6.981e-03 5.468e-03 7.764e-03 0.000e+00 1.000e+00 1.000e+00 1.000e+00
-29.3794 6.542e-03 8.985e-03 6.981e-03 9.103e-03 0.000e+00 1.000e+00 1.000e+00 1.000e+00
-29.2206 8.330e-03 1.156e-02 8.908e-03 1.066e-02 0.000e+00 1.000e+00 1.000e+00 1.000e+00
-29.0618 1.060e-02 1.487e-02 1.136e-02 1.247e-02 0.000e+00 1.000e+00 1.000e+00 1.000e+00
-28.9029 1.349e-02 1.911e-02 1.448e-02 1.457e-02 0.000e+00 1.000e+00 1.000e+00 1.000e+00
-28.7441 1.715e-02 2.455e-02 1.845e-02 1.699e-02 0.000e+00 1.000e+00 1.000e+00 1.000e+00
-28.5853 2.179e-02 3.153e-02 2.349e-02 1.970e-02 0.000e+00 1.000e+00 1.000e+00 1.000e+00
-28.4265 2.767e-02 4.048e-02 2.989e-02 2.281e-02 0.000e+00 1.000e+00 1.000e+00 1.000e+00
-28.2676 3.513e-02 5.194e-02 3.783e-02 2.639e-02 0.000e+00 1.000e+00 1.000e+00 1.000e+00
-28.1088 4.457e-02 6.661e-02 4.772e-02 3.048e-02 0.000e+00 1.000e+00 1.000e+00 1.000e+00
-27.9500 5.651e-02 8.540e-02 6.014e-02 3.516e-02 0.000e+00 1.000e+00 1.000e+00 1.000e+00
-27.7912 7.161e-02 1.094e-01 7.491e-02 4.048e-02 0.000e+00 1.000e+00 1.000e+00 1.000e+00
-27.6324 9.069e-02 1.401e-01 9.236e-02 4.651e-02 0.000e+00 1.000e+00 1.000e+00 1.000e+00
-27.4735 1.148e-01 1.794e-01 1.158e-01 5.331e-02 0.000e+00 1.000e+00 1.000e+00 1.000e+00
-27.3147 1.452e-01 2.295e-01 1.463e-01 6.094e-02 0.000e+00 1.000e+00 1.000e+00 1.000e+00
-27.1559 1.835e-01 2.935e-01 1.844e-01 6.945e-02 0.000e+00 1.000e+00 1.000e+00 1.000e+00
-26.9971 2.318e-01 3.751e-01 2.325e-01 7.890e-02 0.000e+00 1.000e+00 1.000e+00 1.000e+00
-26.8382 2.926e-01 4.792e-01 2.938e-01 8.933e-02 0.000e+00 1.000e+00 1.000e+00 1.000e+00
-26.6794 3.691e-01 6.117e-01 3.691e-01 1.008e-01 0.000e+00 1.000e+00 1.000e+00 1.000e+00
-26.5206 4.651e-01 7.804e-01 4.645e-01 1.136e-01 0.000e+00 1.000e+00 1.000e+00 1.000e+00
-26.3618 5.857e-01 9.950e-01 5.857e-01 1.277e-01 0.000e+00 1.000e+00 1.000e+00 1.000e+00
-26.2029 7.368e-01 1.268e+00 7.310e-01 1.439e-01 0.000e+00 1.000e+00 1.000e+00 1.000e+00
-26.0441 9.262e-01 1.614e+00 9.102e-01 1.631e-01 0.000e+00 1.000e+00 1.000e+00 1.000e+00
-25.8853 1.163e+00 2.053e+00 1.144e+00 1.869e-01 0.000e+00 1.000e+00 1.000e+00 1.000e+00
-25.7265 1.459e+00 2.611e+00 1.447e+00 2.182e-01 0.000e+00 1.000e+00 1.000e+00 1.000e+00
-25.5676 1.829e+00 3.316e+00 1.802e+00 2.614e-01 0.000e+00 1.000e+00 1.000e+00 1.000e+00
-25.4088 2.289e+00 4.209e+00 2.249e+00 3.224e-01 0.000e+00 1.000e+00 1.000e+00 1.000e+00
-25.2500 2.862e+00 5.338e+00 2.801e+00 4.088e-01 0.000e+00 1.000e+00 1.000e+00 1.000e+00
-25.0912 3.575e+00 6.764e+00 3.489e+00 5.301e-01 0.000e+00 1.000e+00 1.000e+00 1.000e+00
-24.9324 4.459e+00 8.563e+00 4.345e+00 6.975e-01 0.000e+00 1.000e+00 1.000e+00 1.000e+00
-24.7735 5.554e+00 1.083e+01 5.348e+00 9.250e-01 0.000e+00 1.000e+00 1.000e+00 1.000e+00
-24.6147 6.909e+00 1.368e+01 6.659e+00 1.230e+00 0.000e+00 1.000e+00 1.000e+00 1.000e+00
-24.4559 8.581e+00 1.727e+01 8.157e+00 1.632e+00 0.000e+00 1.000e+00 1.000e+00 1.000e+00
-24.2971 1.064e+01 2.177e+01 1.009e+01 2.160e+00 0.000e+00 1.000e+00 1.000e+00 1.000e+00
-24.1382 1.317e+01 2.742e+01 1.246e+01 2.844e+00 0.000e+00 1.000e+00 1.000e+00 1.000e+00
-23.9794 1.628e+01 3.449e+01 1.523e+01 3.724e+00 0.000e+00 1.000e+00 1.000e+00 1.000e+00
-23.8206 2.009e+01 4.333e+01 1.866e+01 4.848e+00 0.000e+00 1.000e+00 1.000e+00 1.000e+00
-23.6618 2.473e+01 5.437e+01 2.277e+01 6.274e+00 0.000e+00 1.000e+00 1.000e+00 1.000e+00
-23.5029 3.039e+01 6.813e+01 2.791e+01 8.072e+00 0.000e+00 1.000e+00 1.000e+00 1.000e+00
-23.3441 3.727e+01 8.525e+01 3.405e+01 1.032e+01 0.000e+00 1.000e+00 1.000e+00 1.000e+00
-23.1853 4.559e+01 1.065e+02 4.152e+01 1.313e+01 0.000e+00 1.000e+00 1.000e+00 1.000e+00
-23.0265 5.564e+01 1.329e+02 5.051e+01 1.660e+01 0.000e+00 1.000e+00 1.000e+00 1.000e+00
-22.8676 6.774e+01 1.655e+02 6.110e+01 2.086e+01 0.000e+00 1.000e+00 1.000e+00 1.000e+00
-22.7088 8.225e+01 2.059e+02 7.397e+01 2.607e+01 0.000e+00 1.000e+00 1.000e+00 1.000e+00
-22.5500 9.959e+01 2.556e+02 8.964e+01 3.241e+01 0.000e+00 1.000e+00 1.000e+00 1.000e+00
-22.3912 1.202e+02 3.167e+02 1.080e+02 4.005e+01 0.000e+00 1.000e+00 1.000e+00 1.000e+00
-22.2324 1.447e+02 3.918e+02 1.297e+02 4.922e+01 0.000e+00 1.000e+00 1.000e+00 1.000e+00
-22.0735 1.736e+02 4.838e+02 1.553e+02 6.015e+01 0.000e+00 1.000e+00 1.000e+00 1.000e+00
-21.9147 2.075e+02 5.961e+02 1.854e+02 7.310e+01 0.000e+00 1.000e+00 1.000e+00 1.000e+00
-21.7559 2.472e+02 7.331e+02 2.210e+02 8.833e+01 0.000e+00 1.000e+00 1.000e+00 1.000e+00
-21.5971 2.934e+02 8.997e+02 2.627e+02 1.061e+02 0.000e+00 1.000e+00 1.000e+00 1.000e+00
-21.4382 3.468e+02 1.102e+03 3.111e+02 1.268e+02 0.000e+00 1.000e+00 1.000e+00 1.000e+00
-21.2794 4.083e+02 1.346e+03 3.668e+02 1.506e+02 0.000e+00 1.000e+00 1.000e+00 1.000e+00
-21.1206 4.785e+02 1.642e+03 4.306e+02 1.779e+02 0.000e+00 1.000e+00 1.000e+00 1.000e+00
-20.9618 5.582e+02 1.997e+03 5.025e+02 2.089e+02 0.000e+00 1.000e+00 1.000e+00 1.000e+00
-20.8029 6.481e+02 2.424e+03 5.821e+02 2.439e+02 0.000e+00 1.000e+00 1.000e+00 1.000e+00
-20.6441 7.486e+02 2.935e+03 6.710e+02 2.830e+02 0.000e+00 1.000e+00 1.000e+00 1.000e+00
-20.4853 8.600e+02 3.547e+03 7.693e+02 3.264e+02 0.000e+00 1.000e+00 1.000e+00 1.000e+00
-20.3265 9.824e+02 4.276e+03 8.771e+02 3.740e+02 0.000e+00 1.000e+00 1.000e+00 1.000e+00
-20.1676 1.115e+03 5.143e+03 9.977e+02 4.258e+02 0.000e+00 1.000e+00 1.000e+00 1.000e+00
-20.0088 1.258e+03 6.173e+03 1.130e+03 4.814e+02 0.000e+00 1.000e+00 1.000e+00 1.000e+00
-19.8500 1.409e+03 7.394e+03 1.270e+03 5.402e+02 0.000e+00 1.000e+00 1.000e+00 1.000e+00
-19.6912 1.566e+03 8.837e+03 1.416e+03 6.013e+02 0.000e+00 1.000e+00 1.000e+00 1.000e+00
-19.5324 1.725e+03 1.054e+04 1.565e+03 6.634e+02 0.000e+00 1.000e+00 1.000e+00 1.000e+00
-19.3735 2.007e+03 1.255e+04 1.828e+03 7.729e+02 0.000e+00 1.000e+00 1.000e+00 1.000e+00
-19.2147 2.385e+03 1.490e+04 2.178e+03 9.187e+02 0.000e+00 1.000e+00 1.000e+00 1.000e+00
-19.0559 2.827e+03 1.767e+04 2.589e+03 1.089e+03 0.000e+00 1.000e+00 1.000e+00 1.000e+00
-18.8971 3.345e+03 2.091e+04 3.067e+03 1.288e+03 0.000e+00 1.000e+00 1.000e+00 1.000e+00
-18.7382 3.951e+03 2.469e+04 3.626e+03 1.520e+03 0.000e+00 1.000e+00 1.000e+00 1.000e+00
-18.5794 4.656e+03 2.910e+04 4.278e+03 1.787e+03 0.000e+00 1.000e+00 1.000e+00 1.000e+00
-18.4206 5.476e+03 3.422e+04 5.042e+03 2.096e+03 0.000e+00 1.000e+00 1.000e+00 1.000e+00
-18.2618 6.425e+03 4.016e+04 5.942e+03 2.449e+03 0.000e+00 1.000e+00 1.000e+00 1.000e+00
-18.1029 7.523e+03 4.702e+04 6.988e+03 2.853e+03 0.000e+00 1.000e+00 1.000e+00 1.000e+00
-17.9441 8.787e+03 5.492e+04 8.199e+03 3.311e+03 0.000e+00 1.000e+00 1.000e+00 1.000e+00
-17.7853 1.024e+04 6.399e+04 9.585e+03 3.829e+03 0.000e+00 1.000e+00 1.000e+00 1.000e+00
-17.6265 1.190e+04 7.436e+04 1.118e+04 4.409e+03 0.000e+00 1.000e+00 1.000e+00 1.000e+00
-17.4676 1.379e+04 8.617e+04 1.301e+04 5.058e+03 0.000e+00 1.000e+00 1.000e+00 1.000e+00
-17.3088 1.593e+04 9.958e+04 1.510e+04 5.777e+03 0.000e+00 1.000e+00 1.000e+00 1.000e+00
-17.1500 1.836e+04 1.147e+05 1.748e+04 6.570e+03 0.000e+00 1.000e+00 1.000e+00 1.000e+00
-16.9912 2.109e+04 1.318e+05 2.014e+04 7.439e+03 0.000e+00 1.000e+00 1.000e+00 1.000e+00
-16.8324 2.415e+04 1.509e+05 2.309e+04 8.386e+03 0.000e+00 1.000e+00 1.000e+00 1.000e+00
-16.6735 2.756e+04 1.723e+05 2.639e+04 9.411e+03 0.000e+00 1.000e+00 1.000e+00 1.000e+00
-16.5147 3.135e+04 1.960e+05 3.006e+04 1.051e+04 0.000e+00 1.000e+00 1.000e+00 1.000e+00
-16.3559 3.555e+04 2.222e+05 3.414e+04 1.169e+04 0.000e+00 1.000e+00 1.000e+00 1.000e+00
-16.1971 4.017e+04 2.511e+05 3.864e+04 1.294e+04 0.000e+00 1.000e+00 1.000e+00 1.000e+00
-16.0382 4.524e+04 2.828e+05 4.358e+04 1.425e+04 0.000e+00 1.000e+00 1.000e+00 1.000e+00
-15.8794 5.077e+04 3.173e+05 4.898e+04 1.563e+04 0.000e+00 1.000e+00 1.000e+00 1.000e+00
-15.7206 5.679e+04 3.549e+05 5.476e+04 1.705e+04 0.000e+00 1.000e+00 1.000e+00 1.000e+00
-15.5618 6.329e+04 3.956e+05 6.102e+04 1.851e+04 0.000e+00 1.000e+00 1.000e+00 1.000e+00
-15.4029 7.029e+04 4.393e+05 6.775e+04 2.000e+04 0.000e+00 1.000e+00 1.000e+00 1.000e+00
-15.2441 7.779e+04 4.862e+05 7.497e+04 2.150e+04 0.000e+00 1.000e+00 1.000e+00 1.000e+00
-15.0853 8.578e+04 5.361e+05 8.267e+04 2.299e+04 0.000e+00 1.000e+00 1.000e+00 1.000e+00
-14.9265 9.425e+04 5.890e+05 9.084e+04 2.446e+04 0.000e+00 1.000e+00 1.000e+00 1.000e+00
-14.7676 1.032e+05 6.449e+05 9.946e+04 2.588e+04 0.000e+00 1.000e+00 1.000e+00 1.000e+00
-14.6088 1.126e+05 7.035e+05 1.086e+05 2.723e+04 0.000e+00 1.000e+00 1.000e+00 1.000e+00
-14.4500 1.223e+05 7.646e+05 1.187e+05 2.850e+04 0.000e+00 1.000e+00 1.000e+00 1.000e+00
-14.2912 1.325e+05 8.280e+05 1.284e+05 2.965e+04 0.000e+00 1.000e+00 1.000e+00 1.000e+00
-14.1324 1.429e+05 8.934e+05 1.384e+05 3.066e+04 0.000e+00 1.000e+00 1.000e+00 1.000e+00
-13.9735 1.537e+05 9.605e+05 1.487e+05 3.152e+04 0.000e+00 1.000e+00 1.000e+00 1.000e+00
-13.8147 1.646e+05 1.029e+06 1.595e+05 3.219e+04 0.000e+00 1.000e+00 1.000e+00 1.000e+00
-13.6559 1.757e+05 1.098e+06 1.707e+05 3.266e+04 0.000e+00 1.000e+00 1.000e+00 1.000e+00
-13.4971 1.869e+05 1.168e+06 1.820e+05 3.291e+04 0.000e+00 1.000e+00 1.000e+00 1.000e+00
-13.3382 1.980e+05 1.238e+06 1.933e+05 3.291e+04 0.000e+00 1.000e+00 1.000e+00 1.000e+00
-13.1794 2.091e+05 1.307e+06 2.046e+05 3.264e+04 0.000e+00 1.000e+00 1.000e+00 1.000e+00
-13.0206 2.199e+05 1.374e+06 2.157e+05 3.208e+04 0.000e+00 1.000e+00 1.000e+00 1.000e+00
-12.8618 2.305e+05 1.440e+06 2.265e+05 3.123e+04 0.000e+00 1.000e+00 1.000e+00 1.000e+00
-12.7029 2.406e+05 1.504e+06 2.370e+05 3.007e+04 0.000e+00 1.000e+00 1.000e+00 1.000e+00
-12.5441 2.502e+05 1.564e+06 2.470e+05 2.859e+04 0.000e+00 1.000e+00 1.000e+00 1.000e+00
-12.3853 2.593e+05 1.620e+06 2.564e+05 2.680e+04 0.000e+00 1.000e+00 1.000e+00 1.000e+00
-12.2265 2.675e+05 1.672e+06 2.652e+05 2.471e+04 0.000e+00 1.000e+00 1.000e+00 1.000e+00
-12.0676 2.749e+05 1.718e+06 2.730e+05 2.235e+04 0.000e+00 1.000e+00 1.000e+00 1.000e+00
-11.9088 2.813e+05 1.758e+06 2.802e+05 1.974e+04 0.000e+00 1.000e+00 1.000e+00 1.000e+00
-11.7500 2.866e+05 1.792e+06 2.858e+05 1.697e+04 0.000e+00 1.000e+00 1.000e+00 1.000e+00
-11.5912 2.908e+05 1.817e+06 2.897e+05 1.418e+04 0.000e+00 1.000e+00 1.000e+00 1.000e+00
-11.4324 2.936e+05 1.835e+06 2.921e+05 1.160e+04 0.000e+00 1.000e+00 1.000e+00 1.000e+00
-11.2735 2.951e+05 1.844e+06 2.934e+05 9.752e+03 0.000e+00 1.000e+00 1.000e+00 1.000e+00
-11.1147 2.951e+05 1.844e+06 2.942e+05 9.357e+03 0.000e+00 1.000e+00 1.000e+00 1.000e+00
-10.9559 2.936e+05 1.835e+06 2.946e+05 1.077e+04 0.000e+00 1.000e+00 1.000e+00 1.000e+00
-10.7971 2.906e+05 1.816e+06 2.925e+05 1.353e+04 0.000e+00 1.000e+00 1.000e+00 1.000e+00
-10.6382 2.860e+05 1.787e+06 2.883e+05 1.703e+04 0.000e+00 1.000e+00 1.000e+00 1.000e+00
-10.4794 2.798e+05 1.749e+06 2.833e+05 2.088e+04 0.000e+00 1.000e+00 1.000e+00 1.000e+00
-10.3206 2.720e+05 1.700e+06 2.762e+05 2.488e+04 0.000e+00 1.000e+00 1.000e+00 1.000e+00
-10.1618 2.627e+05 1.642e+06 2.676e+05 2.890e+04 0.000e+00 1.000e+00 1.000e+00 1.000e+00
-10.0029 2.518e+05 1.574e+06 2.574e+05 3.285e+04 0.000e+00 1.000e+00 1.000e+00 1.000e+00
-9.8441 2.393e+05 1.496e+06 2.456e+05 3.664e+04 0.000e+00 1.000e+00 1.000e+00 1.000e+00
-9.6853 2.254e+05 1.409e+06 2.323e+05 4.018e+04 0.000e+00 1.000e+00 1.000e+00 1.000e+00
-9.5265 2.101e+05 1.313e+06 2.169e+05 4.335e+04 0.000e+00 1.000e+00 1.000e+00 1.000e+00
-9.3676 1.936e+05 1.210e+06 2.001e+05 4.603e+04 0.000e+00 1.000e+00 1.000e+00 1.000e+00
-9.2088 1.763e+05 1.102e+06 1.822e+05 4.808e+04 0.000e+00 1.000e+00 1.000e+00 1.000e+00
-9.0500 1.583e+05 9.895e+05 1.637e+05 4.935e+04 0.000e+00 1.000e+00 1.000e+00 1.000e+00
-8.8912 1.402e+05 8.763e+05 1.450e+05 4.975e+04 0.000e+00 1.000e+00 1.000e+00 1.000e+00
-8.7324 1.224e+05 7.647e+05 1.267e+05 4.921e+04 0.000e+00 1.000e+00 1.000e+00 1.000e+00
-8.5735 1.052e+05 6.572e+05 1.098e+05 4.775e+04 0.000e+00 1.000e+00 1.000e+00 1.000e+00
-8.4147 8.895e+04 5.559e+05 9.339e+04 4.545e+04 0.000e+00 1.000e+00 1.000e+00 1.000e+00
-8.2559 7.399e+04 4.624e+05 7.813e+04 4.244e+04 0.000e+00 1.000e+00 1.000e+00 1.000e+00
-8.0971 6.045e+04 3.778e+05 6.424e+04 3.891e+04 0.000e+00 1.000e+00 1.000e+00 1.000e+00
-7.9382 4.840e+04 3.025e+05 5.181e+04 3.503e+04 0.000e+00 1.000e+00 1.000e+00 1.000e+00
-7.7794 3.782e+04 2.364e+05 4.085e+04 3.097e+04 0.000e+00 1.000e+00 1.000e+00 1.000e+00
-7.6206 2.876e+04 1.798e+05 3.140e+04 2.693e+04 0.000e+00 1.000e+00 1.000e+00 1.000e+00
-7.4618 2.114e+04 1.321e+05 2.320e+04 2.301e+04 0.000e+00 1.000e+00 1.000e+00 1.000e+00
-7.3029 1.489e+04 9.303e+04 1.640e+04 1.930e+04 0.000e+00 1.000e+00 1.000e+00 1.000e+00
-7.1441 9.948e+03 6.218e+04 1.120e+04 1.586e+04 0.000e+00 1.000e+00 1.000e+00 1.000e+00
-6.9853 6.236e+03 3.897e+04 7.217e+03 1.271e+04 0.000e+00 1.000e+00 1.000e+00 1.000e+00
-6.8265 3.616e+03 2.260e+04 4.322e+03 9.870e+03 0.000e+00 1.000e+00 1.000e+00 1.000e+00
-6.6676 1.910e+03 1.194e+04 2.346e+03 7.347e+03 0.000e+00 1.000e+00 1.000e+00 1.000e+00
-6.5088 9.026e+02 5.641e+03 1.141e+03 5.157e+03 0.000e+00 1.000e+00 1.000e+00 1.000e+00
-6.3500 3.738e+02 2.336e+03 4.983e+02 3.333e+03 0.000e+00 1.000e+00 1.000e+00 1.000e+00
-6.1912 1.326e+02 8.286e+02 1.826e+02 1.919e+03 0.000e+00 1.000e+00 1.000e+00 1.000e+00
-6.0324 3.934e+01 2.459e+02 5.573e+01 9.436e+02 0.000e+00 1.000e+00 1.000e+00 1.000e+00
-5.8735 9.568e+00 5.980e+01 1.389e+01 3.765e+02 0.000e+00 1.000e+00 1.000e+00 1.000e+00
-5.7147 1.892e+00 1.182e+01 2.794e+00 1.152e+02 0.000e+00 1.000e+00 1.000e+00 1.000e+00
-5.5559 3.162e-01 1.976e+00 4.545e-01 2.584e+01 0.000e+00 1.000e+00 1.000e+00 1.000e+00
-5.3971 4.622e-02 2.889e-01 6.491e-02 4.131e+00 0.000e+00 1.000e+00 1.000e+00 1.000e+00
-5.2382 5.372e-03 3.357e-02 7.587e-03 5.554e-01 0.000e+00 1.000e+00 1.000e+00 1.000e+00
-5.0794 3.660e-04 2.287e-03 5.283e-04 7.070e-02 0.000e+00 1.000e+00 1.000e+00 1.000e+00
