LF_x LF_y1 LF_y med spread
-31.9206 1.651e-05 2.064e-05 2.267e-05 2.522e-04
-31.7618 2.163e-05 2.704e-05 2.948e-05 3.109e-04
-31.6029 2.830e-05 3.538e-05 3.829e-05 3.812e-04
-31.4441 3.697e-05 4.621e-05 4.968e-05 4.652e-04
-31.2853 4.824e-05 6.031e-05 6.441e-05 5.652e-04
-31.1265 6.290e-05 7.862e-05 8.343e-05 6.842e-04
-30.9676 8.193e-05 1.024e-04 1.094e-04 8.254e-04
-30.8088 1.061e-04 1.333e-04 1.432e-04 9.879e-04
-30.6500 1.368e-04 1.735e-04 1.830e-04 1.174e-03
-30.4912 1.761e-04 2.256e-04 2.332e-04 1.392e-03
-30.3324 2.267e-04 2.932e-04 2.968e-04 1.646e-03
-30.1735 2.917e-04 3.810e-04 3.777e-04 1.943e-03
-30.0147 3.751e-04 4.949e-04 4.803e-04 2.291e-03
-29.8559 4.822e-04 6.425e-04 6.106e-04 2.696e-03
-29.6971 6.197e-04 8.340e-04 7.804e-04 3.168e-03
-29.5382 7.960e-04 1.082e-03 9.972e-04 3.719e-03
-29.3794 1.022e-03 1.404e-03 1.274e-03 4.360e-03
-29.2206 1.312e-03 1.821e-03 1.627e-03 5.107e-03
-29.0618 1.684e-03 2.361e-03 2.077e-03 5.976e-03
-28.9029 2.160e-03 3.061e-03 2.650e-03 6.987e-03
-28.7441 2.770e-03 3.966e-03 3.381e-03 8.155e-03
-28.5853 3.551e-03 5.138e-03 4.313e-03 9.462e-03
-28.4265 4.550e-03 6.654e-03 5.499e-03 1.097e-02
-28.2676 5.827e-03 8.616e-03 7.009e-03 1.271e-02
-28.1088 7.461e-03 1.115e-02 8.932e-03 1.474e-02
-27.9500 9.550e-03 1.443e-02 1.135e-02 1.708e-02
-27.7912 1.222e-02 1.867e-02 1.443e-02 1.978e-02
-27.6324 1.563e-02 2.415e-02 1.845e-02 2.290e-02
-27.4735 1.997e-02 3.122e-02 2.347e-02 2.650e-02
-27.3147 2.552e-02 4.035e-02 2.986e-02 3.064e-02
-27.1559 3.259e-02 5.213e-02 3.797e-02 3.538e-02
-26.9971 4.161e-02 6.733e-02 4.826e-02 4.081e-02
-26.8382 5.308e-02 8.693e-02 6.097e-02 4.701e-02
-26.6794 6.769e-02 1.122e-01 7.687e-02 5.404e-02
-26.5206 8.626e-02 1.447e-01 9.646e-02 6.200e-02
-26.3618 1.099e-01 1.867e-01 1.200e-01 7.094e-02
-26.2029 1.398e-01 2.406e-01 1.503e-01 8.094e-02
-26.0441 1.779e-01 3.100e-01 1.900e-01 9.202e-02
-25.8853 2.261e-01 3.992e-01 2.416e-01 1.042e-01
-25.7265 2.872e-01 5.139e-01 3.053e-01 1.174e-01
-25.5676 3.645e-01 6.611e-01 3.845e-01 1.317e-01
-25.4088 4.623e-01 8.501e-01 4.827e-01 1.467e-01
-25.2500 5.857e-01 1.092e+00 6.100e-01 1.625e-01
-25.0912 7.415e-01 1.403e+00 7.799e-01 1.788e-01
-24.9324 9.377e-01 1.801e+00 9.801e-01 1.956e-01
-24.7735 1.185e+00 2.310e+00 1.202e+00 2.133e-01
-24.6147 1.495e+00 2.961e+00 1.526e+00 2.334e-01
-24.4559 1.884e+00 3.793e+00 1.917e+00 2.588e-01
-24.2971 2.372e+00 4.854e+00 2.377e+00 2.959e-01
-24.1382 2.983e+00 6.208e+00 2.980e+00 3.544e-01
-23.9794 3.745e+00 7.933e+00 3.727e+00 4.477e-01
-23.8206 4.695e+00 1.013e+01 4.649e+00 5.909e-01
-23.6618 5.877e+00 1.292e+01 5.776e+00 8.006e-01
-23.5029 7.343e+00 1.646e+01 7.157e+00 1.096e+00
-23.3441 9.160e+00 2.095e+01 8.873e+00 1.501e+00
-23.1853 1.140e+01 2.664e+01 1.106e+01 2.043e+00
-23.0265 1.417e+01 3.384e+01 1.384e+01 2.759e+00
-22.8676 1.757e+01 4.293e+01 1.724e+01 3.692e+00
-22.7088 2.173e+01 5.438e+01 2.135e+01 4.895e+00
-22.5500 2.681e+01 6.880e+01 2.609e+01 6.431e+00
-22.3912 3.299e+01 8.692e+01 3.206e+01 8.375e+00
-22.2324 4.049e+01 1.096e+02 3.906e+01 1.081e+01
-22.0735 4.954e+01 1.381e+02 4.750e+01 1.385e+01
-21.9147 6.042e+01 1.736e+02 5.773e+01 1.759e+01
-21.7559 7.345e+01 2.178e+02 6.990e+01 2.216e+01
-21.5971 8.896e+01 2.728e+02 8.421e+01 2.771e+01
-21.4382 1.073e+02 3.409e+02 1.010e+02 3.438e+01
-21.2794 1.290e+02 4.252e+02 1.207e+02 4.233e+01
-21.1206 1.543e+02 5.292e+02 1.442e+02 5.171e+01
-20.9618 1.837e+02 6.571e+02 1.720e+02 6.268e+01
-20.8029 2.176e+02 8.138e+02 2.042e+02 7.538e+01
-20.6441 2.564e+02 1.005e+03 2.413e+02 8.996e+01
-20.4853 3.004e+02 1.239e+03 2.821e+02 1.065e+02
-20.3265 3.498e+02 1.522e+03 3.271e+02 1.251e+02
-20.1676 4.046e+02 1.866e+03 3.788e+02 1.457e+02
-20.0088 4.647e+02 2.281e+03 4.364e+02 1.682e+02
-19.8500 5.297e+02 2.780e+03 4.968e+02 1.926e+02
-19.6912 5.987e+02 3.379e+03 5.608e+02 2.185e+02
-19.5324 6.704e+02 4.097e+03 6.273e+02 2.455e+02
-19.3735 7.928e+02 4.955e+03 7.411e+02 2.912e+02
-19.2147 9.564e+02 5.978e+03 8.933e+02 3.523e+02
-19.0559 1.151e+03 7.195e+03 1.074e+03 4.252e+02
-18.8971 1.383e+03 8.641e+03 1.290e+03 5.121e+02
-18.7382 1.657e+03 1.036e+04 1.545e+03 6.154e+02
-18.5794 1.982e+03 1.239e+04 1.847e+03 7.380e+02
-18.4206 2.367e+03 1.479e+04 2.204e+03 8.832e+02
-18.2618 2.820e+03 1.763e+04 2.626e+03 1.055e+03
-18.1029 3.354e+03 2.097e+04 3.122e+03 1.256e+03
-17.9441 3.983e+03 2.489e+04 3.705e+03 1.493e+03
-17.7853 4.719e+03 2.949e+04 4.388e+03 1.769e+03
-17.6265 5.580e+03 3.487e+04 5.187e+03 2.089e+03
-17.4676 6.584e+03 4.115e+04 6.116e+03 2.459e+03
-17.3088 7.750e+03 4.844e+04 7.195e+03 2.884e+03
-17.1500 9.099e+03 5.687e+04 8.442e+03 3.369e+03
-16.9912 1.066e+04 6.660e+04 9.878e+03 3.920e+03
-16.8324 1.244e+04 7.776e+04 1.152e+04 4.542e+03
-16.6735 1.448e+04 9.052e+04 1.340e+04 5.238e+03
-16.5147 1.681e+04 1.050e+05 1.554e+04 6.014e+03
-16.3559 1.944e+04 1.215e+05 1.796e+04 6.872e+03
-16.1971 2.241e+04 1.401e+05 2.069e+04 7.816e+03
-16.0382 2.574e+04 1.609e+05 2.375e+04 8.846e+03
-15.8794 2.946e+04 1.841e+05 2.728e+04 9.963e+03
-15.7206 3.360e+04 2.100e+05 3.119e+04 1.117e+04
-15.5618 3.818e+04 2.386e+05 3.557e+04 1.245e+04
-15.4029 4.323e+04 2.702e+05 4.037e+04 1.382e+04
-15.2441 4.876e+04 3.047e+05 4.568e+04 1.526e+04
-15.0853 5.480e+04 3.425e+05 5.131e+04 1.676e+04
-14.9265 6.136e+04 3.835e+05 5.761e+04 1.832e+04
-14.7676 6.844e+04 4.278e+05 6.450e+04 1.991e+04
-14.6088 7.606e+04 4.754e+05 7.194e+04 2.153e+04
-14.4500 8.420e+04 5.263e+05 7.981e+04 2.316e+04
-14.2912 9.286e+04 5.804e+05 8.817e+04 2.476e+04
-14.1324 1.020e+05 6.376e+05 9.745e+04 2.633e+04
-13.9735 1.116e+05 6.977e+05 1.071e+05 2.783e+04
-13.8147 1.217e+05 7.605e+05 1.172e+05 2.924e+04
-13.6559 1.321e+05 8.259e+05 1.277e+05 3.054e+04
-13.4971 1.429e+05 8.934e+05 1.386e+05 3.170e+04
-13.3382 1.540e+05 9.628e+05 1.499e+05 3.268e+04
-13.1794 1.654e+05 1.034e+06 1.616e+05 3.347e+04
-13.0206 1.769e+05 1.106e+06 1.731e+05 3.404e+04
-12.8618 1.885e+05 1.178e+06 1.853e+05 3.436e+04
-12.7029 2.001e+05 1.251e+06 1.974e+05 3.440e+04
-12.5441 2.117e+05 1.323e+06 2.093e+05 3.415e+04
-12.3853 2.230e+05 1.394e+06 2.211e+05 3.357e+04
-12.2265 2.341e+05 1.463e+06 2.324e+05 3.266e+04
-12.0676 2.448e+05 1.530e+06 2.432e+05 3.139e+04
-11.9088 2.549e+05 1.593e+06 2.534e+05 2.977e+04
-11.7500 2.644e+05 1.653e+06 2.630e+05 2.781e+04
-11.5912 2.732e+05 1.707e+06 2.719e+05 2.553e+04
-11.4324 2.810e+05 1.756e+06 2.800e+05 2.294e+04
-11.2735 2.878e+05 1.799e+06 2.872e+05 2.010e+04
-11.1147 2.935e+05 1.834e+06 2.930e+05 1.709e+04
-10.9559 2.979e+05 1.862e+06 2.976e+05 1.406e+04
-10.7971 3.009e+05 1.881e+06 3.000e+05 1.133e+04
-10.6382 3.024e+05 1.890e+06 3.011e+05 9.520e+03
-10.4794 3.025e+05 1.890e+06 3.027e+05 9.463e+03
-10.3206 3.009e+05 1.881e+06 3.014e+05 1.135e+04
-10.1618 2.978e+05 1.861e+06 2.987e+05 1.450e+04
-10.0029 2.931e+05 1.832e+06 2.944e+05 1.827e+04
-9.8441 2.867e+05 1.792e+06 2.886e+05 2.234e+04
-9.6853 2.786e+05 1.742e+06 2.810e+05 2.652e+04
-9.5265 2.689e+05 1.681e+06 2.717e+05 3.075e+04
-9.3676 2.574e+05 1.609e+06 2.607e+05 3.496e+04
-9.2088 2.440e+05 1.525e+06 2.480e+05 3.911e+04
-9.0500 2.287e+05 1.429e+06 2.332e+05 4.310e+04
-8.8912 2.117e+05 1.323e+06 2.172e+05 4.675e+04
-8.7324 1.933e+05 1.208e+06 1.995e+05 4.982e+04
-8.5735 1.739e+05 1.087e+06 1.806e+05 5.202e+04
-8.4147 1.541e+05 9.633e+05 1.610e+05 5.313e+04
-8.2559 1.344e+05 8.403e+05 1.414e+05 5.302e+04
-8.0971 1.154e+05 7.214e+05 1.221e+05 5.169e+04
-7.9382 9.752e+04 6.095e+05 1.038e+05 4.923e+04
-7.7794 8.096e+04 5.060e+05 8.687e+04 4.583e+04
-7.6206 6.603e+04 4.127e+05 7.136e+04 4.180e+04
-7.4618 5.272e+04 3.295e+05 5.755e+04 3.742e+04
-7.3029 4.099e+04 2.562e+05 4.535e+04 3.297e+04
-7.1441 3.080e+04 1.925e+05 3.461e+04 2.869e+04
-6.9853 2.213e+04 1.383e+05 2.546e+04 2.467e+04
-6.8265 1.502e+04 9.385e+04 1.743e+04 2.088e+04
-6.6676 9.469e+03 5.918e+04 1.123e+04 1.724e+04
-6.5088 5.450e+03 3.406e+04 6.486e+03 1.367e+04
-6.3500 2.803e+03 1.752e+04 3.353e+03 1.019e+04
-6.1912 1.257e+03 7.856e+03 1.520e+03 6.935e+03
-6.0324 4.779e+02 2.987e+03 5.846e+02 4.147e+03
-5.8735 1.495e+02 9.345e+02 1.851e+02 2.073e+03
-5.7147 3.736e+01 2.335e+02 4.683e+01 8.115e+02
-5.5559 7.439e+00 4.649e+01 9.421e+00 2.350e+02
-5.3971 1.228e+00 7.674e+00 1.559e+00 4.706e+01
-5.2382 1.815e-01 1.135e+00 2.298e-01 6.281e+00
-5.0794 2.079e-02 1.299e-01 2.637e-02 9.138e-01
