MF_x MF_y MF_y1 med spread
1.010e+02 0.000e+00 0.000e+00 0.000e+00 0.000e+00
1.218e+02 0.000e+00 0.000e+00 0.000e+00 0.000e+00
1.468e+02 0.000e+00 0.000e+00 0.000e+00 0.000e+00
1.769e+02 0.000e+00 0.000e+00 0.000e+00 0.000e+00
2.132e+02 0.000e+00 0.000e+00 0.000e+00 0.000e+00
2.570e+02 4.042e-23 6.467e-24 4.959e-23 4.782e-23
3.097e+02 4.417e-18 7.067e-19 5.212e-18 3.740e-18
3.733e+02 4.158e-15 6.653e-16 4.816e-15 2.697e-15
4.499e+02 3.741e-13 5.986e-14 4.265e-13 1.980e-13
5.423e+02 9.391e-12 1.503e-12 1.057e-11 4.287e-12
6.536e+02 1.259e-10 2.014e-11 1.405e-10 5.289e-11
7.878e+02 1.265e-09 2.024e-10 1.405e-09 5.012e-10
9.495e+02 9.846e-09 1.575e-09 1.088e-08 3.638e-09
1.144e+03 5.710e-08 9.136e-09 6.218e-08 1.926e-08
1.379e+03 2.505e-07 4.008e-08 2.699e-07 7.791e-08
1.662e+03 8.636e-07 1.382e-07 9.182e-07 2.425e-07
2.004e+03 2.433e-06 3.893e-07 2.558e-06 6.187e-07
2.415e+03 5.764e-06 9.222e-07 6.001e-06 1.327e-06
2.910e+03 1.177e-05 1.882e-06 1.215e-05 2.447e-06
3.508e+03 2.151e-05 3.442e-06 2.205e-05 4.057e-06
4.228e+03 3.574e-05 5.719e-06 3.642e-05 6.105e-06
5.096e+03 5.506e-05 8.809e-06 5.582e-05 8.556e-06
6.142e+03 7.977e-05 1.276e-05 8.053e-05 1.127e-05
7.402e+03 1.099e-04 1.758e-05 1.106e-04 1.419e-05
8.922e+03 1.455e-04 2.327e-05 1.459e-04 1.720e-05
1.075e+04 1.861e-04 2.978e-05 1.863e-04 2.019e-05
1.296e+04 2.309e-04 3.695e-05 2.307e-04 2.285e-05
1.562e+04 2.787e-04 4.460e-05 2.781e-04 2.515e-05
1.883e+04 3.275e-04 5.241e-05 3.265e-04 2.662e-05
2.269e+04 3.754e-04 6.007e-05 3.739e-04 2.724e-05
2.735e+04 4.201e-04 6.721e-05 4.181e-04 2.679e-05
3.296e+04 4.596e-04 7.354e-05 4.571e-04 2.531e-05
3.973e+04 4.925e-04 7.880e-05 4.896e-04 2.290e-05
4.788e+04 5.178e-04 8.285e-05 5.146e-04 1.978e-05
5.771e+04 5.352e-04 8.563e-05 5.317e-04 1.612e-05
6.956e+04 5.449e-04 8.718e-05 5.413e-04 1.229e-05
8.383e+04 5.473e-04 8.757e-05 5.437e-04 8.393e-06
1.010e+05 5.427e-04 8.684e-05 5.386e-04 4.797e-06
1.218e+05 5.320e-04 8.512e-05 5.292e-04 2.854e-06
1.468e+05 5.161e-04 8.257e-05 5.125e-04 4.562e-06
1.769e+05 4.953e-04 7.926e-05 4.917e-04 7.472e-06
2.132e+05 4.705e-04 7.529e-05 4.673e-04 1.027e-05
2.570e+05 4.428e-04 7.085e-05 4.403e-04 1.268e-05
3.097e+05 4.130e-04 6.608e-05 4.113e-04 1.467e-05
3.733e+05 3.818e-04 6.108e-05 3.808e-04 1.627e-05
4.499e+05 3.500e-04 5.600e-05 3.496e-04 1.738e-05
5.423e+05 3.183e-04 5.093e-05 3.184e-04 1.807e-05
6.536e+05 2.873e-04 4.597e-05 2.879e-04 1.838e-05
7.878e+05 2.575e-04 4.121e-05 2.584e-04 1.833e-05
9.495e+05 2.294e-04 3.670e-05 2.306e-04 1.794e-05
1.144e+06 2.032e-04 3.252e-05 2.047e-04 1.729e-05
1.379e+06 1.793e-04 2.869e-05 1.810e-04 1.643e-05
1.662e+06 1.572e-04 2.516e-05 1.591e-04 1.550e-05
2.004e+06 1.374e-04 2.200e-05 1.394e-04 1.443e-05
2.415e+06 1.198e-04 1.918e-05 1.218e-04 1.331e-05
2.910e+06 1.041e-04 1.668e-05 1.061e-04 1.217e-05
3.508e+06 9.022e-05 1.447e-05 9.226e-05 1.104e-05
4.228e+06 7.804e-05 1.254e-05 8.005e-05 9.959e-06
5.096e+06 6.740e-05 1.086e-05 6.935e-05 8.922e-06
6.142e+06 5.815e-05 9.403e-06 6.003e-05 7.944e-06
7.402e+06 5.011e-05 8.141e-06 5.190e-05 7.040e-06
8.922e+06 4.314e-05 7.054e-06 4.483e-05 6.206e-06
1.075e+07 3.712e-05 6.120e-06 3.870e-05 5.441e-06
1.296e+07 3.193e-05 5.318e-06 3.340e-05 4.757e-06
1.562e+07 2.745e-05 4.630e-06 2.881e-05 4.132e-06
1.883e+07 2.362e-05 4.044e-06 2.487e-05 3.568e-06
2.269e+07 2.032e-05 3.542e-06 2.147e-05 3.063e-06
2.735e+07 1.751e-05 3.117e-06 1.853e-05 2.620e-06
3.296e+07 1.507e-05 2.748e-06 1.601e-05 2.228e-06
3.973e+07 1.298e-05 2.433e-06 1.385e-05 1.883e-06
4.788e+07 1.119e-05 2.162e-06 1.194e-05 1.582e-06
5.771e+07 9.650e-06 1.929e-06 1.030e-05 1.320e-06
6.956e+07 8.328e-06 1.728e-06 8.764e-06 1.094e-06
8.383e+07 7.188e-06 1.554e-06 7.520e-06 9.008e-07
1.010e+08 6.206e-06 1.402e-06 6.452e-06 7.371e-07
1.218e+08 5.357e-06 1.269e-06 5.531e-06 6.021e-07
1.468e+08 4.624e-06 1.152e-06 4.737e-06 4.922e-07
1.769e+08 3.987e-06 1.048e-06 4.075e-06 4.059e-07
2.132e+08 3.434e-06 9.541e-07 3.539e-06 3.408e-07
2.570e+08 2.953e-06 8.649e-07 3.018e-06 2.962e-07
3.097e+08 2.533e-06 7.795e-07 2.564e-06 2.647e-07
3.733e+08 2.167e-06 6.982e-07 2.211e-06 2.448e-07
4.499e+08 1.847e-06 6.213e-07 1.941e-06 2.309e-07
5.423e+08 1.568e-06 5.492e-07 1.633e-06 2.197e-07
6.536e+08 1.324e-06 4.819e-07 1.364e-06 2.095e-07
7.878e+08 1.112e-06 4.195e-07 1.132e-06 1.984e-07
9.495e+08 9.284e-07 3.621e-07 9.330e-07 1.858e-07
1.144e+09 7.692e-07 3.097e-07 7.652e-07 1.716e-07
1.379e+09 6.321e-07 2.623e-07 6.276e-07 1.558e-07
1.662e+09 5.147e-07 2.198e-07 5.103e-07 1.390e-07
2.004e+09 4.150e-07 1.821e-07 4.110e-07 1.217e-07
2.415e+09 3.309e-07 1.490e-07 3.276e-07 1.044e-07
2.910e+09 2.606e-07 1.203e-07 2.581e-07 8.761e-08
3.508e+09 2.026e-07 9.580e-08 2.008e-07 7.182e-08
4.228e+09 1.553e-07 7.509e-08 1.505e-07 5.740e-08
5.096e+09 1.171e-07 5.789e-08 1.103e-07 4.464e-08
6.142e+09 8.683e-08 4.384e-08 7.923e-08 3.371e-08
7.402e+09 6.321e-08 3.256e-08 5.696e-08 2.468e-08
8.922e+09 4.510e-08 2.369e-08 4.091e-08 1.747e-08
1.075e+10 3.150e-08 1.686e-08 2.885e-08 1.194e-08
1.296e+10 2.149e-08 1.172e-08 1.988e-08 7.887e-09
1.562e+10 1.430e-08 7.936e-09 1.270e-08 5.042e-09
1.883e+10 9.259e-09 5.230e-09 7.796e-09 3.141e-09
2.269e+10 5.826e-09 3.347e-09 4.845e-09 1.928e-09
2.735e+10 3.555e-09 2.076e-09 3.089e-09 1.183e-09
3.296e+10 2.099e-09 1.246e-09 1.924e-09 7.308e-10
3.973e+10 1.197e-09 7.222e-10 1.046e-09 4.527e-10
4.788e+10 6.592e-10 4.038e-10 5.507e-10 2.772e-10
5.771e+10 3.499e-10 2.176e-10 2.879e-10 1.654e-10
6.956e+10 1.794e-10 1.133e-10 1.463e-10 9.546e-11
8.383e+10 8.920e-11 5.715e-11 7.166e-11 5.317e-11
