MF_x MF_y MF_y1 med spread
1.015e+02 0.000e+00 0.000e+00 0.000e+00 0.000e+00
1.241e+02 0.000e+00 0.000e+00 0.000e+00 0.000e+00
1.519e+02 0.000e+00 0.000e+00 0.000e+00 0.000e+00
1.858e+02 0.000e+00 0.000e+00 0.000e+00 0.000e+00
2.274e+02 3.480e-12 5.568e-13 2.413e-12 6.569e-12
2.782e+02 3.382e-09 5.411e-10 7.313e-09 4.832e-08
3.403e+02 4.878e-08 7.806e-09 8.771e-08 8.083e-07
4.164e+02 5.841e-07 9.345e-08 1.132e-06 8.462e-06
5.095e+02 4.851e-06 7.762e-07 8.652e-06 3.539e-05
6.234e+02 2.260e-05 3.615e-06 3.621e-05 7.499e-05
7.627e+02 6.564e-05 1.050e-05 9.426e-05 1.027e-04
9.332e+02 1.340e-04 2.145e-05 1.741e-04 1.080e-04
1.142e+03 2.137e-04 3.420e-05 2.556e-04 1.005e-04
1.397e+03 2.906e-04 4.650e-05 3.280e-04 9.634e-05
1.709e+03 3.628e-04 5.804e-05 3.970e-04 1.037e-04
2.091e+03 4.379e-04 7.007e-05 4.744e-04 1.164e-04
2.559e+03 5.224e-04 8.359e-05 5.637e-04 1.164e-04
3.131e+03 6.115e-04 9.784e-05 6.528e-04 9.764e-05
3.830e+03 6.908e-04 1.105e-04 7.199e-04 6.375e-05
4.686e+03 7.453e-04 1.192e-04 7.395e-04 3.340e-05
5.734e+03 7.650e-04 1.224e-04 7.425e-04 5.167e-05
7.015e+03 7.483e-04 1.197e-04 7.265e-04 8.272e-05
8.584e+03 7.027e-04 1.124e-04 6.687e-04 9.734e-05
1.050e+04 6.428e-04 1.029e-04 6.054e-04 9.131e-05
1.285e+04 5.849e-04 9.358e-05 5.522e-04 7.674e-05
1.572e+04 5.362e-04 8.580e-05 5.103e-04 6.675e-05
1.924e+04 4.929e-04 7.887e-05 4.705e-04 6.539e-05
2.354e+04 4.479e-04 7.167e-05 4.253e-04 6.672e-05
2.880e+04 3.987e-04 6.379e-05 3.750e-04 6.694e-05
3.523e+04 3.467e-04 5.547e-05 3.228e-04 6.471e-05
4.311e+04 2.947e-04 4.715e-05 2.718e-04 5.983e-05
5.274e+04 2.454e-04 3.926e-05 2.248e-04 5.281e-05
6.453e+04 2.007e-04 3.211e-05 1.839e-04 4.468e-05
7.895e+04 1.618e-04 2.589e-05 1.488e-04 3.638e-05
9.660e+04 1.290e-04 2.064e-05 1.193e-04 2.891e-05
1.182e+05 1.018e-04 1.630e-05 9.479e-05 2.241e-05
1.446e+05 7.968e-05 1.275e-05 7.476e-05 1.695e-05
1.769e+05 6.187e-05 9.899e-06 5.867e-05 1.242e-05
2.165e+05 4.788e-05 7.661e-06 4.609e-05 8.382e-06
2.649e+05 3.730e-05 5.968e-06 3.671e-05 5.500e-06
3.241e+05 2.954e-05 4.727e-06 2.958e-05 3.848e-06
3.965e+05 2.370e-05 3.791e-06 2.364e-05 2.942e-06
4.851e+05 1.905e-05 3.048e-06 1.893e-05 2.378e-06
5.936e+05 1.522e-05 2.435e-06 1.511e-05 1.947e-06
7.262e+05 1.201e-05 1.923e-06 1.195e-05 1.579e-06
8.886e+05 9.361e-06 1.499e-06 9.285e-06 1.254e-06
1.087e+06 7.196e-06 1.153e-06 7.144e-06 9.670e-07
1.330e+06 5.461e-06 8.768e-07 5.448e-06 7.183e-07
1.627e+06 4.096e-06 6.594e-07 4.121e-06 5.105e-07
1.991e+06 3.040e-06 4.914e-07 3.054e-06 3.457e-07
2.436e+06 2.235e-06 3.633e-07 2.236e-06 2.232e-07
2.981e+06 1.630e-06 2.669e-07 1.683e-06 1.408e-07
3.647e+06 1.179e-06 1.951e-07 1.274e-06 9.482e-08
4.462e+06 8.480e-07 1.421e-07 9.218e-07 7.714e-08
5.460e+06 6.061e-07 1.031e-07 6.886e-07 7.284e-08
6.680e+06 4.309e-07 7.463e-08 4.964e-07 7.054e-08
8.173e+06 3.049e-07 5.393e-08 3.544e-07 6.648e-08
1.000e+07 2.148e-07 3.892e-08 2.521e-07 6.053e-08
1.224e+07 1.508e-07 2.806e-08 1.788e-07 5.348e-08
1.497e+07 1.055e-07 2.022e-08 1.263e-07 4.611e-08
1.832e+07 7.353e-08 1.456e-08 8.903e-08 3.900e-08
2.241e+07 5.112e-08 1.048e-08 6.257e-08 3.249e-08
2.742e+07 3.544e-08 7.538e-09 4.434e-08 2.674e-08
3.355e+07 2.452e-08 5.420e-09 3.147e-08 2.180e-08
4.105e+07 1.692e-08 3.895e-09 2.230e-08 1.763e-08
5.022e+07 1.165e-08 2.798e-09 1.578e-08 1.417e-08
6.144e+07 8.009e-09 2.008e-09 1.116e-08 1.133e-08
7.518e+07 5.495e-09 1.440e-09 7.875e-09 9.024e-09
9.198e+07 3.764e-09 1.032e-09 5.553e-09 7.162e-09
1.125e+08 2.575e-09 7.388e-10 3.911e-09 5.669e-09
1.377e+08 1.759e-09 5.285e-10 2.752e-09 4.476e-09
1.685e+08 1.199e-09 3.776e-10 1.935e-09 3.527e-09
2.061e+08 8.171e-10 2.695e-10 1.359e-09 2.776e-09
2.522e+08 5.560e-10 1.918e-10 9.540e-10 2.181e-09
3.086e+08 3.779e-10 1.359e-10 6.691e-10 1.712e-09
3.775e+08 2.565e-10 9.595e-11 4.690e-10 1.342e-09
4.619e+08 1.740e-10 6.753e-11 3.286e-10 1.052e-09
5.652e+08 1.179e-10 4.738e-11 2.300e-10 8.234e-10
6.915e+08 7.984e-11 3.315e-11 1.610e-10 6.444e-10
8.461e+08 5.401e-11 2.313e-11 1.126e-10 5.040e-10
1.035e+09 3.651e-11 1.611e-11 7.873e-11 3.940e-10
1.267e+09 2.466e-11 1.119e-11 5.503e-11 3.080e-10
1.550e+09 1.664e-11 7.755e-12 3.845e-11 2.406e-10
1.896e+09 1.123e-11 5.366e-12 2.686e-11 1.880e-10
2.320e+09 7.568e-12 3.706e-12 1.875e-11 1.468e-10
2.838e+09 5.098e-12 2.556e-12 1.309e-11 1.147e-10
3.473e+09 3.432e-12 1.760e-12 9.140e-12 8.953e-11
4.249e+09 2.309e-12 1.210e-12 6.380e-12 6.990e-11
5.199e+09 1.553e-12 8.308e-13 4.452e-12 5.458e-11
6.361e+09 1.044e-12 5.698e-13 3.107e-12 4.261e-11
7.782e+09 7.013e-13 3.903e-13 2.168e-12 3.326e-11
9.522e+09 4.710e-13 2.671e-13 1.513e-12 2.597e-11
1.165e+10 3.161e-13 1.826e-13 1.056e-12 2.027e-11
1.425e+10 2.121e-13 1.247e-13 7.367e-13 1.582e-11
1.744e+10 1.422e-13 8.513e-14 5.141e-13 1.235e-11
2.134e+10 9.534e-14 5.805e-14 3.588e-13 9.644e-12
2.611e+10 6.388e-14 3.955e-14 2.505e-13 7.529e-12
3.194e+10 4.279e-14 2.693e-14 1.748e-13 5.878e-12
3.908e+10 2.865e-14 1.832e-14 1.221e-13 4.590e-12
4.782e+10 1.918e-14 1.246e-14 8.525e-14 3.584e-12
5.851e+10 1.283e-14 8.463e-15 5.955e-14 2.798e-12
7.158e+10 8.584e-15 5.745e-15 4.160e-14 2.185e-12
8.758e+10 5.739e-15 3.897e-15 2.907e-14 1.706e-12
1.072e+11 3.837e-15 2.642e-15 2.038e-14 1.332e-12
1.311e+11 2.564e-15 1.789e-15 1.441e-14 1.040e-12
1.604e+11 1.713e-15 1.211e-15 1.012e-14 8.126e-13
1.963e+11 1.145e-15 8.192e-16 7.048e-15 6.346e-13
2.401e+11 7.648e-16 5.537e-16 4.968e-15 4.956e-13
2.938e+11 5.108e-16 3.739e-16 3.506e-15 3.871e-13
3.595e+11 3.414e-16 2.526e-16 2.476e-15 3.023e-13
4.398e+11 2.291e-16 1.712e-16 1.756e-15 2.361e-13
5.382e+11 1.535e-16 1.158e-16 1.213e-15 1.844e-13
6.585e+11 1.027e-16 7.811e-17 8.366e-16 1.441e-13
8.056e+11 6.886e-17 5.280e-17 5.796e-16 1.125e-13
9.857e+11 4.624e-17 3.571e-17 4.068e-16 8.790e-14
