MF_x MF_y MF_y1 med spread
1.015e+02 0.000e+00 0.000e+00 0.000e+00 0.000e+00
1.241e+02 0.000e+00 0.000e+00 0.000e+00 0.000e+00
1.519e+02 0.000e+00 0.000e+00 0.000e+00 0.000e+00
1.858e+02 0.000e+00 0.000e+00 0.000e+00 0.000e+00
2.274e+02 9.974e-14 1.596e-14 1.086e-13 4.817e-13
2.782e+02 3.315e-10 5.303e-11 5.506e-10 4.779e-09
3.403e+02 8.909e-09 1.425e-09 1.399e-08 5.025e-08
4.164e+02 1.054e-07 1.686e-08 1.741e-07 8.327e-07
5.095e+02 1.063e-06 1.701e-07 1.697e-06 5.961e-06
6.234e+02 6.368e-06 1.019e-06 9.368e-06 2.154e-05
7.627e+02 2.360e-05 3.775e-06 3.178e-05 4.580e-05
9.332e+02 5.999e-05 9.598e-06 7.430e-05 6.745e-05
1.142e+03 1.153e-04 1.845e-05 1.330e-04 7.866e-05
1.397e+03 1.817e-04 2.907e-05 1.989e-04 8.145e-05
1.709e+03 2.511e-04 4.018e-05 2.661e-04 8.278e-05
2.091e+03 3.217e-04 5.147e-05 3.357e-04 8.749e-05
2.559e+03 3.965e-04 6.343e-05 4.115e-04 9.428e-05
3.131e+03 4.775e-04 7.640e-05 4.938e-04 9.539e-05
3.830e+03 5.606e-04 8.969e-05 5.756e-04 8.566e-05
4.686e+03 6.361e-04 1.018e-04 6.482e-04 6.452e-05
5.734e+03 6.928e-04 1.109e-04 7.005e-04 3.699e-05
7.015e+03 7.225e-04 1.156e-04 7.118e-04 2.419e-05
8.584e+03 7.222e-04 1.156e-04 7.096e-04 4.322e-05
1.050e+04 6.964e-04 1.114e-04 6.778e-04 6.006e-05
1.285e+04 6.548e-04 1.048e-04 6.366e-04 6.538e-05
1.572e+04 6.084e-04 9.735e-05 5.939e-04 6.334e-05
1.924e+04 5.634e-04 9.015e-05 5.525e-04 6.027e-05
2.354e+04 5.195e-04 8.312e-05 5.103e-04 5.891e-05
2.880e+04 4.741e-04 7.586e-05 4.650e-04 5.873e-05
3.523e+04 4.261e-04 6.818e-05 4.169e-04 5.843e-05
4.311e+04 3.761e-04 6.018e-05 3.669e-04 5.699e-05
5.274e+04 3.258e-04 5.213e-05 3.169e-04 5.387e-05
6.453e+04 2.771e-04 4.434e-05 2.688e-04 4.914e-05
7.895e+04 2.318e-04 3.709e-05 2.244e-04 4.323e-05
9.660e+04 1.912e-04 3.059e-05 1.848e-04 3.680e-05
1.182e+05 1.557e-04 2.491e-05 1.503e-04 3.046e-05
1.446e+05 1.254e-04 2.006e-05 1.210e-04 2.457e-05
1.769e+05 1.000e-04 1.600e-05 9.651e-05 1.932e-05
2.165e+05 7.911e-05 1.266e-05 7.638e-05 1.475e-05
2.649e+05 6.225e-05 9.961e-06 6.020e-05 1.077e-05
3.241e+05 4.902e-05 7.843e-06 4.754e-05 7.631e-06
3.965e+05 3.880e-05 6.209e-06 3.785e-05 5.376e-06
4.851e+05 3.089e-05 4.942e-06 3.033e-05 3.860e-06
5.936e+05 2.465e-05 3.944e-06 2.428e-05 2.872e-06
7.262e+05 1.963e-05 3.142e-06 1.934e-05 2.212e-06
8.886e+05 1.556e-05 2.491e-06 1.529e-05 1.742e-06
1.087e+06 1.223e-05 1.961e-06 1.199e-05 1.379e-06
1.330e+06 9.534e-06 1.531e-06 9.321e-06 1.085e-06
1.627e+06 7.360e-06 1.185e-06 7.185e-06 8.379e-07
1.991e+06 5.629e-06 9.099e-07 5.493e-06 6.309e-07
2.436e+06 4.266e-06 6.935e-07 4.167e-06 4.597e-07
2.981e+06 3.205e-06 5.250e-07 3.138e-06 3.223e-07
3.647e+06 2.389e-06 3.952e-07 2.348e-06 2.162e-07
4.462e+06 1.767e-06 2.961e-07 1.746e-06 1.384e-07
5.460e+06 1.299e-06 2.209e-07 1.314e-06 8.568e-08
6.680e+06 9.485e-07 1.643e-07 9.849e-07 5.529e-08
8.173e+06 6.887e-07 1.218e-07 7.223e-07 4.314e-08
1.000e+07 4.975e-07 9.013e-08 5.175e-07 4.066e-08
1.224e+07 3.576e-07 6.656e-08 3.777e-07 4.004e-08
1.497e+07 2.559e-07 4.907e-08 2.766e-07 3.838e-08
1.832e+07 1.824e-07 3.612e-08 2.002e-07 3.542e-08
2.241e+07 1.295e-07 2.655e-08 1.440e-07 3.162e-08
2.742e+07 9.165e-08 1.949e-08 1.030e-07 2.747e-08
3.355e+07 6.465e-08 1.429e-08 7.351e-08 2.336e-08
4.105e+07 4.547e-08 1.047e-08 5.232e-08 1.952e-08
5.022e+07 3.189e-08 7.656e-09 3.714e-08 1.608e-08
6.144e+07 2.231e-08 5.592e-09 2.624e-08 1.310e-08
7.518e+07 1.557e-08 4.079e-09 1.844e-08 1.058e-08
9.198e+07 1.084e-08 2.971e-09 1.293e-08 8.469e-09
1.125e+08 7.532e-09 2.161e-09 9.042e-09 6.738e-09
1.377e+08 5.224e-09 1.570e-09 6.311e-09 5.331e-09
1.685e+08 3.616e-09 1.138e-09 4.396e-09 4.199e-09
2.061e+08 2.499e-09 8.243e-10 3.057e-09 3.294e-09
2.522e+08 1.724e-09 5.947e-10 2.122e-09 2.576e-09
3.086e+08 1.188e-09 4.272e-10 1.470e-09 2.008e-09
3.775e+08 8.171e-10 3.056e-10 1.017e-09 1.561e-09
4.619e+08 5.613e-10 2.178e-10 7.025e-10 1.212e-09
5.652e+08 3.851e-10 1.547e-10 4.845e-10 9.383e-10
6.915e+08 2.639e-10 1.096e-10 3.338e-10 7.255e-10
8.461e+08 1.806e-10 7.736e-11 2.296e-10 5.601e-10
1.035e+09 1.235e-10 5.447e-11 1.577e-10 4.318e-10
1.267e+09 8.433e-11 3.826e-11 1.085e-10 3.325e-10
1.550e+09 5.754e-11 2.681e-11 7.452e-11 2.558e-10
1.896e+09 3.922e-11 1.875e-11 5.114e-11 1.966e-10
2.320e+09 2.671e-11 1.308e-11 3.506e-11 1.510e-10
2.838e+09 1.817e-11 9.111e-12 2.401e-11 1.158e-10
3.473e+09 1.236e-11 6.335e-12 1.642e-11 8.883e-11
4.249e+09 8.394e-12 4.397e-12 1.122e-11 6.808e-11
5.199e+09 5.698e-12 3.048e-12 7.664e-12 5.214e-11
6.361e+09 3.865e-12 2.109e-12 5.228e-12 3.991e-11
7.782e+09 2.620e-12 1.458e-12 3.564e-12 3.054e-11
9.522e+09 1.775e-12 1.006e-12 2.427e-12 2.336e-11
1.165e+10 1.201e-12 6.940e-13 1.651e-12 1.786e-11
1.425e+10 8.127e-13 4.780e-13 1.123e-12 1.365e-11
1.744e+10 5.495e-13 3.289e-13 7.629e-13 1.043e-11
2.134e+10 3.713e-13 2.261e-13 5.180e-13 7.963e-12
2.611e+10 2.508e-13 1.553e-13 3.514e-13 6.080e-12
3.194e+10 1.693e-13 1.065e-13 2.383e-13 4.642e-12
3.908e+10 1.142e-13 7.303e-14 1.614e-13 3.542e-12
4.782e+10 7.700e-14 5.002e-14 1.093e-13 2.703e-12
5.851e+10 5.190e-14 3.423e-14 7.396e-14 2.062e-12
7.158e+10 3.496e-14 2.340e-14 5.002e-14 1.573e-12
8.758e+10 2.354e-14 1.599e-14 3.381e-14 1.199e-12
1.072e+11 1.585e-14 1.091e-14 2.284e-14 9.145e-13
1.311e+11 1.066e-14 7.440e-15 1.542e-14 6.972e-13
1.604e+11 7.170e-15 5.068e-15 1.040e-14 5.314e-13
1.963e+11 4.820e-15 3.449e-15 7.025e-15 4.050e-13
2.401e+11 3.239e-15 2.345e-15 4.763e-15 3.086e-13
2.938e+11 2.176e-15 1.593e-15 3.227e-15 2.352e-13
3.595e+11 1.461e-15 1.081e-15 2.186e-15 1.792e-13
4.398e+11 9.828e-16 7.343e-16 1.481e-15 1.365e-13
5.382e+11 6.606e-16 4.981e-16 1.003e-15 1.040e-13
6.585e+11 4.436e-16 3.374e-16 6.791e-16 7.917e-14
8.056e+11 2.981e-16 2.285e-16 4.595e-16 6.029e-14
9.857e+11 2.002e-16 1.546e-16 3.109e-16 4.591e-14
