LF_x LF_y1 LF_y med spread
-31.9206 1.312e-05 1.639e-05 4.518e-05 3.627e-04
-31.7618 1.732e-05 2.165e-05 5.810e-05 4.461e-04
-31.6029 2.283e-05 2.854e-05 7.449e-05 5.460e-04
-31.4441 3.006e-05 3.758e-05 9.525e-05 6.651e-04
-31.2853 3.952e-05 4.941e-05 1.215e-04 8.070e-04
-31.1265 5.191e-05 6.489e-05 1.548e-04 9.758e-04
-30.9676 6.812e-05 8.515e-05 1.969e-04 1.176e-03
-30.8088 8.887e-05 1.116e-04 2.489e-04 1.407e-03
-30.6500 1.153e-04 1.463e-04 3.128e-04 1.672e-03
-30.4912 1.495e-04 1.915e-04 3.928e-04 1.983e-03
-30.3324 1.937e-04 2.505e-04 4.927e-04 2.346e-03
-30.1735 2.508e-04 3.275e-04 6.177e-04 2.772e-03
-30.0147 3.244e-04 4.280e-04 7.737e-04 3.270e-03
-29.8559 4.194e-04 5.589e-04 9.687e-04 3.851e-03
-29.6971 5.419e-04 7.293e-04 1.212e-03 4.531e-03
-29.5382 6.996e-04 9.512e-04 1.516e-03 5.323e-03
-29.3794 9.027e-04 1.240e-03 1.894e-03 6.247e-03
-29.2206 1.164e-03 1.615e-03 2.366e-03 7.323e-03
-29.0618 1.499e-03 2.102e-03 2.954e-03 8.575e-03
-28.9029 1.931e-03 2.735e-03 3.687e-03 1.003e-02
-28.7441 2.484e-03 3.556e-03 4.598e-03 1.172e-02
-28.5853 3.193e-03 4.620e-03 5.731e-03 1.366e-02
-28.4265 4.101e-03 5.999e-03 7.140e-03 1.590e-02
-28.2676 5.264e-03 7.783e-03 8.891e-03 1.849e-02
-28.1088 6.751e-03 1.009e-02 1.107e-02 2.149e-02
-27.9500 8.651e-03 1.307e-02 1.376e-02 2.494e-02
-27.7912 1.108e-02 1.692e-02 1.711e-02 2.891e-02
-27.6324 1.417e-02 2.189e-02 2.126e-02 3.348e-02
-27.4735 1.811e-02 2.830e-02 2.640e-02 3.872e-02
-27.3147 2.312e-02 3.655e-02 3.277e-02 4.471e-02
-27.1559 2.949e-02 4.717e-02 4.064e-02 5.155e-02
-26.9971 3.758e-02 6.082e-02 5.038e-02 5.934e-02
-26.8382 4.784e-02 7.834e-02 6.240e-02 6.819e-02
-26.6794 6.083e-02 1.008e-01 7.723e-02 7.820e-02
-26.5206 7.727e-02 1.296e-01 9.553e-02 8.950e-02
-26.3618 9.803e-02 1.665e-01 1.183e-01 1.022e-01
-26.2029 1.242e-01 2.137e-01 1.477e-01 1.164e-01
-26.0441 1.572e-01 2.740e-01 1.844e-01 1.323e-01
-25.8853 1.987e-01 3.508e-01 2.299e-01 1.499e-01
-25.7265 2.508e-01 4.487e-01 2.864e-01 1.694e-01
-25.5676 3.161e-01 5.733e-01 3.564e-01 1.908e-01
-25.4088 3.979e-01 7.317e-01 4.431e-01 2.141e-01
-25.2500 5.001e-01 9.327e-01 5.501e-01 2.395e-01
-25.0912 6.275e-01 1.187e+00 6.822e-01 2.670e-01
-24.9324 7.860e-01 1.510e+00 8.450e-01 2.965e-01
-24.7735 9.830e-01 1.917e+00 1.045e+00 3.282e-01
-24.6147 1.227e+00 2.430e+00 1.291e+00 3.622e-01
-24.4559 1.529e+00 3.077e+00 1.592e+00 3.989e-01
-24.2971 1.901e+00 3.891e+00 1.961e+00 4.391e-01
-24.1382 2.360e+00 4.912e+00 2.411e+00 4.842e-01
-23.9794 2.922e+00 6.191e+00 2.958e+00 5.367e-01
-23.8206 3.611e+00 7.790e+00 3.624e+00 6.004e-01
-23.6618 4.452e+00 9.787e+00 4.431e+00 6.812e-01
-23.5029 5.476e+00 1.227e+01 5.407e+00 7.869e-01
-23.3441 6.717e+00 1.537e+01 6.452e+00 9.276e-01
-23.1853 8.219e+00 1.920e+01 7.626e+00 1.115e+00
-23.0265 1.003e+01 2.395e+01 9.003e+00 1.363e+00
-22.8676 1.220e+01 2.982e+01 1.061e+01 1.686e+00
-22.7088 1.480e+01 3.705e+01 1.250e+01 2.100e+00
-22.5500 1.790e+01 4.594e+01 1.469e+01 2.623e+00
-22.3912 2.158e+01 5.684e+01 1.723e+01 3.275e+00
-22.2324 2.592e+01 7.019e+01 2.018e+01 4.077e+00
-22.0735 3.103e+01 8.647e+01 2.359e+01 5.054e+00
-21.9147 3.701e+01 1.063e+02 2.751e+01 6.233e+00
-21.7559 4.397e+01 1.304e+02 3.200e+01 7.643e+00
-21.5971 5.204e+01 1.596e+02 3.738e+01 9.312e+00
-21.4382 6.133e+01 1.948e+02 4.379e+01 1.127e+01
-21.2794 7.196e+01 2.373e+02 5.111e+01 1.356e+01
-21.1206 8.406e+01 2.884e+02 5.943e+01 1.620e+01
-20.9618 9.774e+01 3.497e+02 6.882e+01 1.922e+01
-20.8029 1.131e+02 4.229e+02 7.934e+01 2.266e+01
-20.6441 1.302e+02 5.104e+02 9.106e+01 2.652e+01
-20.4853 1.490e+02 6.145e+02 1.040e+02 3.083e+01
-20.3265 1.696e+02 7.382e+02 1.181e+02 3.557e+01
-20.1676 1.919e+02 8.848e+02 1.334e+02 4.075e+01
-20.0088 2.157e+02 1.058e+03 1.497e+02 4.631e+01
-19.8500 2.407e+02 1.263e+03 1.669e+02 5.221e+01
-19.6912 2.665e+02 1.504e+03 1.846e+02 5.835e+01
-19.5324 2.925e+02 1.788e+03 2.024e+02 6.458e+01
-19.3735 3.392e+02 2.120e+03 2.345e+02 7.546e+01
-19.2147 4.015e+02 2.509e+03 2.773e+02 8.993e+01
-19.0559 4.742e+02 2.964e+03 3.273e+02 1.069e+02
-18.8971 5.590e+02 3.493e+03 3.855e+02 1.267e+02
-18.7382 6.574e+02 4.109e+03 4.533e+02 1.498e+02
-18.5794 7.715e+02 4.822e+03 5.319e+02 1.765e+02
-18.4206 9.034e+02 5.646e+03 6.229e+02 2.075e+02
-18.2618 1.055e+03 6.596e+03 7.281e+02 2.432e+02
-18.1029 1.230e+03 7.685e+03 8.494e+02 2.841e+02
-17.9441 1.429e+03 8.931e+03 9.889e+02 3.308e+02
-17.7853 1.656e+03 1.035e+04 1.149e+03 3.838e+02
-17.6265 1.914e+03 1.196e+04 1.332e+03 4.437e+02
-17.4676 2.205e+03 1.378e+04 1.541e+03 5.109e+02
-17.3088 2.532e+03 1.582e+04 1.778e+03 5.859e+02
-17.1500 2.898e+03 1.811e+04 2.047e+03 6.690e+02
-16.9912 3.306e+03 2.066e+04 2.350e+03 7.606e+02
-16.8324 3.758e+03 2.349e+04 2.691e+03 8.607e+02
-16.6735 4.257e+03 2.660e+04 3.072e+03 9.694e+02
-16.5147 4.804e+03 3.003e+04 3.497e+03 1.087e+03
-16.3559 5.402e+03 3.376e+04 3.968e+03 1.212e+03
-16.1971 6.050e+03 3.781e+04 4.487e+03 1.345e+03
-16.0382 6.751e+03 4.220e+04 5.058e+03 1.485e+03
-15.8794 7.504e+03 4.690e+04 5.682e+03 1.631e+03
-15.7206 8.309e+03 5.193e+04 6.359e+03 1.781e+03
-15.5618 9.164e+03 5.727e+04 7.092e+03 1.936e+03
-15.4029 1.007e+04 6.291e+04 7.880e+03 2.092e+03
-15.2441 1.101e+04 6.884e+04 8.722e+03 2.248e+03
-15.0853 1.200e+04 7.501e+04 9.618e+03 2.402e+03
-14.9265 1.303e+04 8.141e+04 1.056e+04 2.552e+03
-14.7676 1.408e+04 8.799e+04 1.156e+04 2.695e+03
-14.6088 1.516e+04 9.472e+04 1.260e+04 2.828e+03
-14.4500 1.625e+04 1.015e+05 1.368e+04 2.949e+03
-14.2912 1.735e+04 1.084e+05 1.479e+04 3.054e+03
-14.1324 1.844e+04 1.153e+05 1.592e+04 3.140e+03
-13.9735 1.953e+04 1.220e+05 1.707e+04 3.205e+03
-13.8147 2.059e+04 1.287e+05 1.823e+04 3.245e+03
-13.6559 2.162e+04 1.351e+05 1.938e+04 3.258e+03
-13.4971 2.261e+04 1.413e+05 2.051e+04 3.242e+03
-13.3382 2.355e+04 1.472e+05 2.162e+04 3.195e+03
-13.1794 2.442e+04 1.527e+05 2.268e+04 3.116e+03
-13.0206 2.523e+04 1.577e+05 2.369e+04 3.004e+03
-12.8618 2.596e+04 1.622e+05 2.464e+04 2.858e+03
-12.7029 2.660e+04 1.662e+05 2.551e+04 2.680e+03
-12.5441 2.714e+04 1.696e+05 2.629e+04 2.469e+03
-12.3853 2.758e+04 1.724e+05 2.698e+04 2.228e+03
-12.2265 2.791e+04 1.744e+05 2.751e+04 1.960e+03
-12.0676 2.812e+04 1.758e+05 2.792e+04 1.667e+03
-11.9088 2.821e+04 1.763e+05 2.820e+04 1.356e+03
-11.7500 2.818e+04 1.761e+05 2.836e+04 1.038e+03
-11.5912 2.802e+04 1.752e+05 2.828e+04 7.338e+02
-11.4324 2.774e+04 1.734e+05 2.803e+04 5.130e+02
-11.2735 2.732e+04 1.708e+05 2.807e+04 5.293e+02
-11.1147 2.678e+04 1.674e+05 2.807e+04 7.777e+02
-10.9559 2.612e+04 1.632e+05 2.762e+04 1.113e+03
-10.7971 2.533e+04 1.583e+05 2.704e+04 1.473e+03
-10.6382 2.442e+04 1.526e+05 2.633e+04 1.834e+03
-10.4794 2.341e+04 1.463e+05 2.550e+04 2.188e+03
-10.3206 2.229e+04 1.393e+05 2.456e+04 2.527e+03
-10.1618 2.108e+04 1.318e+05 2.351e+04 2.846e+03
-10.0029 1.979e+04 1.237e+05 2.238e+04 3.141e+03
-9.8441 1.841e+04 1.151e+05 2.115e+04 3.411e+03
-9.6853 1.698e+04 1.061e+05 1.986e+04 3.652e+03
-9.5265 1.550e+04 9.687e+04 1.850e+04 3.862e+03
-9.3676 1.400e+04 8.747e+04 1.708e+04 4.039e+03
-9.2088 1.249e+04 7.805e+04 1.562e+04 4.177e+03
-9.0500 1.100e+04 6.875e+04 1.414e+04 4.268e+03
-8.8912 9.560e+03 5.975e+04 1.265e+04 4.299e+03
-8.7324 8.190e+03 5.118e+04 1.117e+04 4.262e+03
-8.5735 6.910e+03 4.319e+04 9.730e+03 4.151e+03
-8.4147 5.738e+03 3.587e+04 8.358e+03 3.967e+03
-8.2559 4.684e+03 2.928e+04 7.072e+03 3.719e+03
-8.0971 3.752e+03 2.345e+04 5.891e+03 3.419e+03
-7.9382 2.943e+03 1.839e+04 4.826e+03 3.084e+03
-7.7794 2.251e+03 1.407e+04 3.881e+03 2.731e+03
-7.6206 1.674e+03 1.046e+04 3.061e+03 2.377e+03
-7.4618 1.202e+03 7.515e+03 2.358e+03 2.036e+03
-7.3029 8.285e+02 5.178e+03 1.765e+03 1.715e+03
-7.1441 5.427e+02 3.392e+03 1.276e+03 1.418e+03
-6.9853 3.343e+02 2.090e+03 8.822e+02 1.144e+03
-6.8265 1.914e+02 1.196e+03 5.766e+02 8.913e+02
-6.6676 1.004e+02 6.272e+02 3.512e+02 6.610e+02
-6.5088 4.740e+01 2.963e+02 1.959e+02 4.579e+02
-6.3500 1.979e+01 1.237e+02 9.804e+01 2.894e+02
-6.1912 7.149e+00 4.468e+01 4.292e+01 1.622e+02
-6.0324 2.185e+00 1.365e+01 1.596e+01 7.771e+01
-5.8735 5.534e-01 3.459e+00 4.876e+00 3.052e+01
-5.7147 1.150e-01 7.189e-01 1.183e+00 9.360e+00
-5.5559 2.024e-02 1.265e-01 2.267e-01 2.160e+00
-5.3971 3.118e-03 1.948e-02 3.594e-02 3.635e-01
-5.2382 3.896e-04 2.435e-03 5.118e-03 4.994e-02
-5.0794 2.961e-05 1.851e-04 5.208e-04 6.761e-03
