M1450 phi_tot phi_unobs phi_low phi_up
-31.92 3.84e-15 3.07e-15 4.81e-16 8.70e-15
-31.76 8.33e-15 6.66e-15 2.67e-15 1.63e-14
-31.60 1.67e-14 1.34e-14 7.45e-15 2.90e-14
-31.44 3.16e-14 2.53e-14 1.72e-14 5.03e-14
-31.29 5.66e-14 4.53e-14 3.51e-14 8.47e-14
-31.13 9.73e-14 7.78e-14 6.43e-14 1.38e-13
-30.97 1.63e-13 1.30e-13 1.10e-13 2.21e-13
-30.81 2.68e-13 2.13e-13 1.85e-13 3.53e-13
-30.65 4.39e-13 3.46e-13 3.06e-13 5.68e-13
-30.49 7.24e-13 5.65e-13 5.00e-13 9.20e-13
-30.33 1.21e-12 9.38e-13 8.29e-13 1.52e-12
-30.17 2.08e-12 1.59e-12 1.40e-12 2.55e-12
-30.01 3.61e-12 2.74e-12 2.43e-12 4.33e-12
-29.86 6.36e-12 4.77e-12 4.25e-12 7.37e-12
-29.70 1.13e-11 8.36e-12 7.48e-12 1.26e-11
-29.54 1.98e-11 1.46e-11 1.32e-11 2.13e-11
-29.38 3.47e-11 2.53e-11 2.29e-11 3.55e-11
-29.22 5.98e-11 4.31e-11 3.94e-11 5.87e-11
-29.06 1.01e-10 7.23e-11 6.67e-11 9.56e-11
-28.90 1.69e-10 1.19e-10 1.11e-10 1.53e-10
-28.74 2.75e-10 1.92e-10 1.80e-10 2.40e-10
-28.59 4.40e-10 3.04e-10 2.86e-10 3.70e-10
-28.43 6.91e-10 4.72e-10 4.46e-10 5.61e-10
-28.27 1.06e-09 7.19e-10 6.81e-10 8.36e-10
-28.11 1.61e-09 1.07e-09 1.02e-09 1.23e-09
-27.95 2.38e-09 1.58e-09 1.51e-09 1.77e-09
-27.79 3.47e-09 2.27e-09 2.19e-09 2.51e-09
-27.63 4.98e-09 3.22e-09 3.10e-09 3.50e-09
-27.47 7.02e-09 4.49e-09 4.33e-09 4.81e-09
-27.31 9.76e-09 6.17e-09 5.98e-09 6.53e-09
-27.16 1.34e-08 8.35e-09 8.10e-09 8.75e-09
-27.00 1.80e-08 1.12e-08 1.08e-08 1.15e-08
-26.84 2.41e-08 1.47e-08 1.42e-08 1.51e-08
-26.68 3.17e-08 1.91e-08 1.85e-08 1.96e-08
-26.52 4.13e-08 2.46e-08 2.37e-08 2.51e-08
-26.36 5.31e-08 3.12e-08 3.00e-08 3.18e-08
-26.20 6.76e-08 3.93e-08 3.75e-08 3.99e-08
-26.04 8.52e-08 4.89e-08 4.64e-08 4.96e-08
-25.89 1.06e-07 6.03e-08 5.70e-08 6.12e-08
-25.73 1.32e-07 7.36e-08 6.94e-08 7.48e-08
-25.57 1.61e-07 8.90e-08 8.38e-08 9.06e-08
-25.41 1.96e-07 1.07e-07 1.00e-07 1.09e-07
-25.25 2.37e-07 1.27e-07 1.19e-07 1.30e-07
-25.09 2.84e-07 1.50e-07 1.41e-07 1.54e-07
-24.93 3.38e-07 1.76e-07 1.65e-07 1.81e-07
-24.77 4.00e-07 2.05e-07 1.92e-07 2.12e-07
-24.61 4.69e-07 2.37e-07 2.22e-07 2.45e-07
-24.46 5.47e-07 2.72e-07 2.54e-07 2.83e-07
-24.30 6.36e-07 3.11e-07 2.90e-07 3.24e-07
-24.14 7.34e-07 3.53e-07 3.30e-07 3.71e-07
-23.98 8.43e-07 3.98e-07 3.73e-07 4.22e-07
-23.82 9.64e-07 4.47e-07 4.18e-07 4.76e-07
-23.66 1.10e-06 4.99e-07 4.68e-07 5.37e-07
-23.50 1.24e-06 5.54e-07 5.18e-07 6.00e-07
-23.34 1.40e-06 6.12e-07 5.73e-07 6.69e-07
-23.19 1.57e-06 6.73e-07 6.33e-07 7.45e-07
-23.03 1.76e-06 7.36e-07 6.90e-07 8.21e-07
-22.87 1.96e-06 8.02e-07 7.48e-07 8.99e-07
-22.71 2.17e-06 8.69e-07 8.08e-07 9.80e-07
-22.55 2.40e-06 9.37e-07 8.72e-07 1.07e-06
-22.39 2.65e-06 1.01e-06 9.42e-07 1.16e-06
-22.23 2.91e-06 1.08e-06 9.97e-07 1.25e-06
-22.07 3.19e-06 1.14e-06 1.06e-06 1.33e-06
-21.91 3.48e-06 1.21e-06 1.12e-06 1.42e-06
-21.76 3.77e-06 1.27e-06 1.17e-06 1.51e-06
-21.60 4.09e-06 1.34e-06 1.23e-06 1.59e-06
-21.44 4.43e-06 1.39e-06 1.28e-06 1.67e-06
-21.28 4.77e-06 1.45e-06 1.32e-06 1.75e-06
-21.12 5.13e-06 1.50e-06 1.36e-06 1.82e-06
-20.96 5.50e-06 1.54e-06 1.39e-06 1.88e-06
-20.80 5.88e-06 1.57e-06 1.42e-06 1.93e-06
-20.64 6.27e-06 1.60e-06 1.44e-06 1.96e-06
-20.49 6.65e-06 1.61e-06 1.45e-06 1.99e-06
-20.33 7.05e-06 1.62e-06 1.46e-06 2.00e-06
-20.17 7.46e-06 1.62e-06 1.45e-06 2.00e-06
-20.01 7.88e-06 1.61e-06 1.44e-06 1.99e-06
-19.85 8.30e-06 1.58e-06 1.42e-06 1.97e-06
-19.69 8.73e-06 1.55e-06 1.39e-06 1.92e-06
-19.53 9.15e-06 1.50e-06 1.35e-06 1.86e-06
-19.37 9.56e-06 1.53e-06 1.38e-06 1.90e-06
-19.21 9.97e-06 1.59e-06 1.44e-06 1.97e-06
-19.06 1.04e-05 1.66e-06 1.50e-06 2.04e-06
-18.90 1.08e-05 1.72e-06 1.56e-06 2.11e-06
-18.74 1.12e-05 1.79e-06 1.62e-06 2.17e-06
-18.58 1.15e-05 1.85e-06 1.69e-06 2.23e-06
-18.42 1.19e-05 1.90e-06 1.75e-06 2.29e-06
-18.26 1.22e-05 1.96e-06 1.81e-06 2.33e-06
-18.10 1.26e-05 2.01e-06 1.87e-06 2.37e-06
-17.94 1.29e-05 2.06e-06 1.92e-06 2.40e-06
-17.79 1.31e-05 2.10e-06 1.98e-06 2.42e-06
-17.63 1.34e-05 2.14e-06 2.02e-06 2.44e-06
-17.47 1.36e-05 2.17e-06 2.07e-06 2.44e-06
-17.31 1.38e-05 2.20e-06 2.10e-06 2.43e-06
-17.15 1.39e-05 2.22e-06 2.14e-06 2.42e-06
-16.99 1.40e-05 2.24e-06 2.16e-06 2.40e-06
-16.83 1.41e-05 2.25e-06 2.18e-06 2.37e-06
-16.67 1.41e-05 2.25e-06 2.19e-06 2.33e-06
-16.51 1.41e-05 2.25e-06 2.18e-06 2.29e-06
-16.36 1.40e-05 2.24e-06 2.16e-06 2.27e-06
-16.20 1.39e-05 2.22e-06 2.12e-06 2.26e-06
-16.04 1.37e-05 2.20e-06 2.07e-06 2.25e-06
-15.88 1.35e-05 2.16e-06 2.01e-06 2.24e-06
-15.72 1.33e-05 2.12e-06 1.94e-06 2.22e-06
-15.56 1.30e-05 2.08e-06 1.86e-06 2.18e-06
-15.40 1.26e-05 2.02e-06 1.77e-06 2.14e-06
-15.24 1.23e-05 1.96e-06 1.68e-06 2.10e-06
-15.09 1.19e-05 1.90e-06 1.58e-06 2.04e-06
-14.93 1.14e-05 1.83e-06 1.48e-06 1.98e-06
-14.77 1.10e-05 1.75e-06 1.39e-06 1.92e-06
-14.61 1.05e-05 1.68e-06 1.30e-06 1.85e-06
-14.45 9.95e-06 1.59e-06 1.20e-06 1.77e-06
-14.29 9.41e-06 1.51e-06 1.11e-06 1.69e-06
-14.13 8.86e-06 1.42e-06 1.01e-06 1.60e-06
-13.97 8.30e-06 1.33e-06 9.24e-07 1.51e-06
-13.81 7.73e-06 1.24e-06 8.36e-07 1.42e-06
-13.66 7.16e-06 1.15e-06 7.49e-07 1.32e-06
-13.50 6.60e-06 1.06e-06 6.66e-07 1.23e-06
-13.34 6.04e-06 9.67e-07 5.88e-07 1.13e-06
-13.18 5.50e-06 8.80e-07 5.16e-07 1.03e-06
-13.02 4.97e-06 7.96e-07 4.48e-07 9.37e-07
-12.86 4.47e-06 7.15e-07 3.86e-07 8.45e-07
-12.70 3.98e-06 6.38e-07 3.30e-07 7.57e-07
-12.54 3.53e-06 5.64e-07 2.79e-07 6.72e-07
-12.39 3.10e-06 4.95e-07 2.34e-07 5.93e-07
-12.23 2.70e-06 4.32e-07 1.94e-07 5.18e-07
-12.07 2.33e-06 3.73e-07 1.59e-07 4.49e-07
-11.91 1.99e-06 3.19e-07 1.29e-07 3.85e-07
-11.75 1.69e-06 2.70e-07 1.03e-07 3.27e-07
-11.59 1.42e-06 2.27e-07 8.13e-08 2.75e-07
-11.43 1.17e-06 1.88e-07 6.31e-08 2.29e-07
-11.27 9.64e-07 1.54e-07 4.83e-08 1.89e-07
-11.11 7.81e-07 1.25e-07 3.64e-08 1.53e-07
-10.96 6.26e-07 1.00e-07 2.69e-08 1.23e-07
-10.80 4.94e-07 7.90e-08 1.94e-08 9.75e-08
-10.64 3.84e-07 6.15e-08 1.37e-08 7.61e-08
-10.48 2.95e-07 4.71e-08 9.40e-09 5.85e-08
-10.32 2.22e-07 3.55e-08 6.23e-09 4.42e-08
-10.16 1.64e-07 2.63e-08 3.97e-09 3.28e-08
-10.00 1.19e-07 1.91e-08 2.40e-09 2.39e-08
-9.84 8.48e-08 1.36e-08 1.36e-09 1.70e-08
-9.69 5.89e-08 9.43e-09 7.16e-10 1.19e-08
-9.53 3.99e-08 6.38e-09 3.25e-10 8.08e-09
-9.37 2.63e-08 4.21e-09 1.06e-10 5.35e-09
-9.21 1.68e-08 2.69e-09 -3.00e-12 3.44e-09
-9.05 1.04e-08 1.67e-09 -5.20e-11 2.14e-09
-8.89 6.21e-09 9.94e-10 -6.50e-11 1.28e-09
-8.73 3.56e-09 5.70e-10 -5.78e-11 7.32e-10
-8.57 1.95e-09 3.13e-10 -4.30e-11 4.03e-10
-8.41 1.02e-09 1.63e-10 -2.77e-11 2.12e-10
-8.26 5.05e-10 8.08e-11 -1.64e-11 1.06e-10
-8.10 2.35e-10 3.77e-11 -8.96e-12 4.96e-11
-7.94 1.03e-10 1.64e-11 -4.50e-12 2.18e-11
-7.78 4.16e-11 6.66e-12 -2.10e-12 8.90e-12
-7.62 1.55e-11 2.48e-12 -8.96e-13 3.34e-12
-7.46 5.31e-12 8.49e-13 -3.45e-13 1.15e-12
-7.30 1.65e-12 2.64e-13 -1.19e-13 3.59e-13
-7.14 4.62e-13 7.39e-14 -3.69e-14 1.02e-13
-6.99 1.16e-13 1.86e-14 -1.01e-14 2.58e-14
-6.83 2.59e-14 4.15e-15 -2.45e-15 5.83e-15
-6.67 5.08e-15 8.13e-16 -5.16e-16 1.16e-15
-6.51 8.75e-16 1.40e-16 -9.53e-17 2.02e-16
-6.35 1.30e-16 2.08e-17 -1.53e-17 3.05e-17
-6.19 1.61e-17 2.57e-18 -2.07e-18 3.83e-18
-6.03 1.54e-18 2.46e-19 -2.20e-19 3.75e-19
-5.87 1.03e-19 1.65e-20 -1.66e-20 2.60e-20
-5.71 4.29e-21 6.87e-22 -7.78e-22 1.13e-21
-5.56 9.08e-23 1.45e-23 -1.86e-23 2.53e-23
-5.40 8.47e-25 1.36e-25 -1.99e-25 2.54e-25
-5.24 2.07e-27 3.31e-28 -5.26e-28 6.48e-28
-5.08 8.03e-31 1.28e-31 -2.30e-31 2.65e-31
