M1450 phi_tot phi_unobs phi_low phi_up
-31.95 7.26e-16 5.81e-16 -2.09e-13 2.17e-13
-31.85 8.84e-16 7.07e-16 -2.35e-13 2.43e-13
-31.75 1.07e-15 8.59e-16 -2.64e-13 2.74e-13
-31.65 1.30e-15 1.04e-15 -2.96e-13 3.08e-13
-31.55 1.59e-15 1.27e-15 -3.31e-13 3.45e-13
-31.45 1.93e-15 1.54e-15 -3.70e-13 3.88e-13
-31.35 2.34e-15 1.87e-15 -4.13e-13 4.33e-13
-31.25 2.84e-15 2.27e-15 -4.60e-13 4.84e-13
-31.15 3.44e-15 2.75e-15 -5.11e-13 5.41e-13
-31.05 4.16e-15 3.33e-15 -5.68e-13 6.02e-13
-30.95 5.05e-15 4.04e-15 -6.29e-13 6.71e-13
-30.85 6.12e-15 4.88e-15 -6.97e-13 7.45e-13
-30.75 7.40e-15 5.87e-15 -7.66e-13 8.24e-13
-30.65 8.96e-15 7.06e-15 -8.42e-13 9.10e-13
-30.55 1.08e-14 8.49e-15 -9.25e-13 1.00e-12
-30.45 1.31e-14 1.02e-14 -1.01e-12 1.11e-12
-30.35 1.59e-14 1.23e-14 -1.12e-12 1.22e-12
-30.25 1.91e-14 1.47e-14 -1.23e-12 1.35e-12
-30.15 2.32e-14 1.77e-14 -1.33e-12 1.49e-12
-30.05 2.79e-14 2.12e-14 -1.46e-12 1.64e-12
-29.95 3.38e-14 2.55e-14 -1.60e-12 1.80e-12
-29.85 4.07e-14 3.05e-14 -1.75e-12 1.99e-12
-29.75 4.91e-14 3.66e-14 -1.91e-12 2.19e-12
-29.65 5.93e-14 4.39e-14 -2.08e-12 2.42e-12
-29.55 7.13e-14 5.25e-14 -2.27e-12 2.67e-12
-29.45 8.60e-14 6.29e-14 -2.47e-12 2.93e-12
-29.35 1.04e-13 7.53e-14 -2.69e-12 3.23e-12
-29.25 1.25e-13 9.00e-14 -2.94e-12 3.56e-12
-29.15 1.51e-13 1.08e-13 -3.18e-12 3.92e-12
-29.05 1.81e-13 1.29e-13 -3.46e-12 4.32e-12
-28.95 2.18e-13 1.54e-13 -3.76e-12 4.76e-12
-28.85 2.62e-13 1.84e-13 -4.07e-12 5.25e-12
-28.75 3.13e-13 2.19e-13 -4.42e-12 5.78e-12
-28.65 3.76e-13 2.61e-13 -4.78e-12 6.38e-12
-28.55 4.53e-13 3.12e-13 -5.16e-12 7.02e-12
-28.45 5.42e-13 3.71e-13 -5.58e-12 7.74e-12
-28.35 6.50e-13 4.42e-13 -6.01e-12 8.53e-12
-28.25 7.80e-13 5.27e-13 -6.48e-12 9.42e-12
-28.15 9.34e-13 6.27e-13 -6.97e-12 1.04e-11
-28.05 1.12e-12 7.46e-13 -7.48e-12 1.15e-11
-27.95 1.34e-12 8.86e-13 -8.08e-12 1.27e-11
-27.85 1.60e-12 1.05e-12 -8.60e-12 1.40e-11
-27.75 1.92e-12 1.25e-12 -9.16e-12 1.54e-11
-27.65 2.28e-12 1.48e-12 -9.85e-12 1.72e-11
-27.55 2.74e-12 1.76e-12 -1.05e-11 1.89e-11
-27.45 3.27e-12 2.09e-12 -1.11e-11 2.09e-11
-27.35 3.89e-12 2.47e-12 -1.18e-11 2.32e-11
-27.25 4.65e-12 2.93e-12 -1.25e-11 2.57e-11
-27.15 5.54e-12 3.46e-12 -1.31e-11 2.85e-11
-27.05 6.61e-12 4.10e-12 -1.38e-11 3.16e-11
-26.95 7.86e-12 4.84e-12 -1.45e-11 3.51e-11
-26.85 9.36e-12 5.72e-12 -1.50e-11 3.90e-11
-26.75 1.11e-11 6.75e-12 -1.55e-11 4.33e-11
-26.65 1.32e-11 7.96e-12 -1.60e-11 4.80e-11
-26.55 1.57e-11 9.39e-12 -1.64e-11 5.34e-11
-26.45 1.87e-11 1.11e-11 -1.66e-11 5.94e-11
-26.35 2.21e-11 1.30e-11 -1.66e-11 6.60e-11
-26.25 2.62e-11 1.53e-11 -1.64e-11 7.34e-11
-26.15 3.11e-11 1.80e-11 -1.60e-11 8.16e-11
-26.05 3.68e-11 2.11e-11 -1.54e-11 9.08e-11
-25.95 4.36e-11 2.48e-11 -1.43e-11 1.01e-10
-25.85 5.15e-11 2.91e-11 -1.27e-11 1.12e-10
-25.75 6.09e-11 3.41e-11 -1.06e-11 1.25e-10
-25.65 7.19e-11 3.99e-11 -7.90e-12 1.39e-10
-25.55 8.48e-11 4.67e-11 -4.40e-12 1.55e-10
-25.45 9.99e-11 5.45e-11 1.00e-13 1.72e-10
-25.35 1.18e-10 6.37e-11 5.70e-12 1.92e-10
-25.25 1.39e-10 7.43e-11 1.20e-11 2.14e-10
-25.15 1.63e-10 8.66e-11 2.10e-11 2.37e-10
-25.05 1.92e-10 1.01e-10 3.10e-11 2.65e-10
-24.95 2.24e-10 1.17e-10 4.30e-11 2.95e-10
-24.85 2.63e-10 1.36e-10 5.80e-11 3.28e-10
-24.75 3.09e-10 1.58e-10 7.50e-11 3.65e-10
-24.65 3.63e-10 1.84e-10 9.60e-11 4.06e-10
-24.55 4.25e-10 2.13e-10 1.20e-10 4.50e-10
-24.45 4.95e-10 2.46e-10 1.48e-10 5.00e-10
-24.35 5.80e-10 2.85e-10 1.82e-10 5.56e-10
-24.25 6.77e-10 3.29e-10 2.22e-10 6.20e-10
-24.15 7.90e-10 3.80e-10 2.69e-10 6.89e-10
-24.05 9.21e-10 4.38e-10 3.22e-10 7.66e-10
-23.95 1.07e-09 5.04e-10 3.84e-10 8.50e-10
-23.85 1.24e-09 5.79e-10 4.53e-10 9.41e-10
-23.75 1.45e-09 6.65e-10 5.27e-10 1.04e-09
-23.65 1.68e-09 7.63e-10 6.17e-10 1.15e-09
-23.55 1.95e-09 8.74e-10 7.36e-10 1.28e-09
-23.45 2.26e-09 1.00e-09 8.57e-10 1.42e-09
-23.35 2.61e-09 1.14e-09 1.01e-09 1.59e-09
-23.25 3.01e-09 1.30e-09 1.16e-09 1.76e-09
-23.15 3.47e-09 1.48e-09 1.34e-09 1.94e-09
-23.05 4.02e-09 1.69e-09 1.54e-09 2.16e-09
-22.95 4.64e-09 1.92e-09 1.77e-09 2.41e-09
-22.85 5.34e-09 2.18e-09 2.04e-09 2.68e-09
-22.75 6.14e-09 2.47e-09 2.31e-09 2.98e-09
-22.65 7.05e-09 2.79e-09 2.65e-09 3.35e-09
-22.55 8.08e-09 3.15e-09 2.98e-09 3.74e-09
-22.45 9.26e-09 3.55e-09 3.32e-09 4.14e-09
-22.35 1.06e-08 4.00e-09 3.65e-09 4.57e-09
-22.25 1.21e-08 4.50e-09 4.02e-09 5.08e-09
-22.15 1.39e-08 5.05e-09 4.41e-09 5.63e-09
-22.05 1.58e-08 5.65e-09 4.82e-09 6.26e-09
-21.95 1.80e-08 6.32e-09 5.29e-09 6.97e-09
-21.85 2.05e-08 7.06e-09 5.79e-09 7.77e-09
-21.75 2.34e-08 7.87e-09 6.37e-09 8.67e-09
-21.65 2.66e-08 8.76e-09 6.97e-09 9.67e-09
-21.55 3.01e-08 9.73e-09 7.64e-09 1.08e-08
-21.45 3.42e-08 1.08e-08 8.39e-09 1.20e-08
-21.35 3.86e-08 1.19e-08 9.11e-09 1.33e-08
-21.25 4.38e-08 1.32e-08 9.90e-09 1.47e-08
-21.15 4.94e-08 1.45e-08 1.08e-08 1.62e-08
-21.05 5.59e-08 1.60e-08 1.18e-08 1.80e-08
-20.95 6.32e-08 1.76e-08 1.28e-08 1.98e-08
-20.85 7.08e-08 1.92e-08 1.39e-08 2.19e-08
-20.75 7.98e-08 2.10e-08 1.50e-08 2.40e-08
-20.65 9.00e-08 2.30e-08 1.61e-08 2.63e-08
-20.55 1.01e-07 2.50e-08 1.74e-08 2.88e-08
-20.45 1.13e-07 2.72e-08 1.87e-08 3.13e-08
-20.35 1.27e-07 2.95e-08 2.01e-08 3.41e-08
-20.25 1.43e-07 3.19e-08 2.15e-08 3.71e-08
-20.15 1.60e-07 3.44e-08 2.29e-08 4.01e-08
-20.05 1.79e-07 3.70e-08 2.43e-08 4.33e-08
-19.95 2.00e-07 3.97e-08 2.57e-08 4.65e-08
-19.85 2.23e-07 4.25e-08 2.71e-08 4.99e-08
-19.75 2.49e-07 4.54e-08 2.86e-08 5.34e-08
-19.65 2.78e-07 4.82e-08 2.99e-08 5.69e-08
-19.55 3.09e-07 5.11e-08 3.12e-08 6.04e-08
-19.45 3.44e-07 5.51e-08 3.32e-08 6.54e-08
-19.35 3.83e-07 6.13e-08 3.64e-08 7.28e-08
-19.25 4.26e-07 6.82e-08 3.96e-08 8.10e-08
-19.15 4.73e-07 7.57e-08 4.32e-08 9.00e-08
-19.05 5.25e-07 8.40e-08 4.74e-08 1.00e-07
-18.95 5.82e-07 9.31e-08 5.21e-08 1.11e-07
-18.85 6.44e-07 1.03e-07 5.69e-08 1.24e-07
-18.75 7.12e-07 1.14e-07 6.21e-08 1.37e-07
-18.65 7.87e-07 1.26e-07 6.80e-08 1.52e-07
-18.55 8.69e-07 1.39e-07 7.41e-08 1.68e-07
-18.45 9.62e-07 1.54e-07 8.07e-08 1.85e-07
-18.35 1.06e-06 1.69e-07 8.78e-08 2.04e-07
-18.25 1.16e-06 1.86e-07 9.54e-08 2.25e-07
-18.15 1.27e-06 2.04e-07 1.04e-07 2.48e-07
-18.05 1.40e-06 2.24e-07 1.13e-07 2.71e-07
-17.95 1.54e-06 2.46e-07 1.23e-07 2.97e-07
-17.85 1.68e-06 2.69e-07 1.33e-07 3.25e-07
-17.75 1.84e-06 2.94e-07 1.45e-07 3.55e-07
-17.65 2.01e-06 3.21e-07 1.57e-07 3.87e-07
-17.55 2.19e-06 3.50e-07 1.71e-07 4.23e-07
-17.45 2.37e-06 3.80e-07 1.86e-07 4.60e-07
-17.35 2.58e-06 4.13e-07 2.01e-07 4.99e-07
-17.25 2.80e-06 4.48e-07 2.19e-07 5.41e-07
-17.15 3.04e-06 4.86e-07 2.37e-07 5.85e-07
-17.05 3.28e-06 5.25e-07 2.55e-07 6.31e-07
-16.95 3.54e-06 5.67e-07 2.74e-07 6.78e-07
-16.85 3.82e-06 6.11e-07 2.96e-07 7.28e-07
-16.75 4.11e-06 6.57e-07 3.18e-07 7.80e-07
-16.65 4.41e-06 7.06e-07 3.44e-07 8.36e-07
-16.55 4.73e-06 7.57e-07 3.72e-07 8.96e-07
-16.45 5.06e-06 8.10e-07 4.02e-07 9.58e-07
-16.35 5.41e-06 8.65e-07 4.35e-07 1.02e-06
-16.25 5.77e-06 9.23e-07 4.70e-07 1.09e-06
-16.15 6.14e-06 9.82e-07 5.08e-07 1.16e-06
-16.05 6.50e-06 1.04e-06 5.47e-07 1.23e-06
-15.95 6.94e-06 1.11e-06 5.89e-07 1.30e-06
-15.85 7.31e-06 1.17e-06 6.37e-07 1.38e-06
-15.75 7.75e-06 1.24e-06 6.82e-07 1.46e-06
-15.65 8.19e-06 1.31e-06 7.28e-07 1.53e-06
-15.55 8.62e-06 1.38e-06 7.74e-07 1.61e-06
-15.45 9.06e-06 1.45e-06 8.31e-07 1.69e-06
-15.35 9.50e-06 1.52e-06 8.79e-07 1.76e-06
-15.25 9.94e-06 1.59e-06 9.39e-07 1.84e-06
-15.15 1.04e-05 1.66e-06 9.99e-07 1.92e-06
-15.05 1.09e-05 1.74e-06 1.06e-06 2.00e-06
