M1450 phi_tot phi_unobs phi_low phi_up
-31.95 1.05e-14 8.43e-15 -6.62e-13 7.32e-13
-31.85 1.27e-14 1.02e-14 -7.43e-13 8.25e-13
-31.75 1.52e-14 1.22e-14 -8.32e-13 9.30e-13
-31.65 1.84e-14 1.47e-14 -9.29e-13 1.04e-12
-31.55 2.21e-14 1.77e-14 -1.03e-12 1.17e-12
-31.45 2.65e-14 2.12e-14 -1.15e-12 1.31e-12
-31.35 3.19e-14 2.55e-14 -1.29e-12 1.47e-12
-31.25 3.82e-14 3.06e-14 -1.42e-12 1.64e-12
-31.15 4.59e-14 3.67e-14 -1.57e-12 1.83e-12
-31.05 5.50e-14 4.40e-14 -1.74e-12 2.04e-12
-30.95 6.59e-14 5.27e-14 -1.92e-12 2.28e-12
-30.85 7.90e-14 6.30e-14 -2.12e-12 2.54e-12
-30.75 9.46e-14 7.50e-14 -2.32e-12 2.81e-12
-30.65 1.13e-13 8.92e-14 -2.53e-12 3.11e-12
-30.55 1.35e-13 1.06e-13 -2.77e-12 3.43e-12
-30.45 1.62e-13 1.26e-13 -3.02e-12 3.80e-12
-30.35 1.94e-13 1.50e-13 -3.29e-12 4.19e-12
-30.25 2.31e-13 1.78e-13 -3.59e-12 4.64e-12
-30.15 2.76e-13 2.11e-13 -3.90e-12 5.12e-12
-30.05 3.29e-13 2.50e-13 -4.23e-12 5.65e-12
-29.95 3.93e-13 2.97e-13 -4.60e-12 6.25e-12
-29.85 4.68e-13 3.51e-13 -4.98e-12 6.90e-12
-29.75 5.58e-13 4.16e-13 -5.39e-12 7.61e-12
-29.65 6.66e-13 4.93e-13 -5.83e-12 8.41e-12
-29.55 7.92e-13 5.83e-13 -6.29e-12 9.29e-12
-29.45 9.43e-13 6.90e-13 -6.78e-12 1.03e-11
-29.35 1.12e-12 8.15e-13 -7.31e-12 1.13e-11
-29.25 1.33e-12 9.63e-13 -7.87e-12 1.25e-11
-29.15 1.59e-12 1.14e-12 -8.40e-12 1.38e-11
-29.05 1.88e-12 1.34e-12 -9.07e-12 1.53e-11
-28.95 2.23e-12 1.58e-12 -9.68e-12 1.69e-11
-28.85 2.66e-12 1.87e-12 -1.03e-11 1.87e-11
-28.75 3.15e-12 2.20e-12 -1.10e-11 2.06e-11
-28.65 3.73e-12 2.59e-12 -1.17e-11 2.29e-11
-28.55 4.42e-12 3.05e-12 -1.23e-11 2.53e-11
-28.45 5.23e-12 3.58e-12 -1.30e-11 2.80e-11
-28.35 6.19e-12 4.21e-12 -1.36e-11 3.10e-11
-28.25 7.33e-12 4.95e-12 -1.42e-11 3.44e-11
-28.15 8.66e-12 5.81e-12 -1.49e-11 3.81e-11
-28.05 1.02e-11 6.82e-12 -1.55e-11 4.23e-11
-27.95 1.21e-11 8.00e-12 -1.59e-11 4.69e-11
-27.85 1.43e-11 9.37e-12 -1.63e-11 5.21e-11
-27.75 1.69e-11 1.10e-11 -1.65e-11 5.79e-11
-27.65 1.98e-11 1.28e-11 -1.65e-11 6.43e-11
-27.55 2.33e-11 1.50e-11 -1.64e-11 7.14e-11
-27.45 2.76e-11 1.76e-11 -1.60e-11 7.94e-11
-27.35 3.23e-11 2.05e-11 -1.53e-11 8.83e-11
-27.25 3.80e-11 2.39e-11 -1.42e-11 9.82e-11
-27.15 4.46e-11 2.79e-11 -1.27e-11 1.09e-10
-27.05 5.25e-11 3.26e-11 -1.05e-11 1.22e-10
-26.95 6.15e-11 3.79e-11 -7.70e-12 1.35e-10
-26.85 7.22e-11 4.41e-11 -4.20e-12 1.51e-10
-26.75 8.46e-11 5.13e-11 2.00e-13 1.68e-10
-26.65 9.92e-11 5.97e-11 5.80e-12 1.87e-10
-26.55 1.16e-10 6.93e-11 1.31e-11 2.09e-10
-26.45 1.36e-10 8.04e-11 2.10e-11 2.33e-10
-26.35 1.58e-10 9.32e-11 3.10e-11 2.59e-10
-26.25 1.85e-10 1.08e-10 4.10e-11 2.87e-10
-26.15 2.16e-10 1.25e-10 5.50e-11 3.19e-10
-26.05 2.53e-10 1.45e-10 7.10e-11 3.53e-10
-25.95 2.93e-10 1.67e-10 8.90e-11 3.93e-10
-25.85 3.42e-10 1.93e-10 1.11e-10 4.35e-10
-25.75 3.96e-10 2.22e-10 1.37e-10 4.83e-10
-25.65 4.61e-10 2.56e-10 1.66e-10 5.36e-10
-25.55 5.36e-10 2.95e-10 2.00e-10 5.94e-10
-25.45 6.23e-10 3.40e-10 2.39e-10 6.57e-10
-25.35 7.21e-10 3.90e-10 2.83e-10 7.25e-10
-25.25 8.36e-10 4.48e-10 3.32e-10 8.00e-10
-25.15 9.67e-10 5.14e-10 3.90e-10 8.84e-10
-25.05 1.12e-09 5.89e-10 4.55e-10 9.73e-10
-24.95 1.29e-09 6.75e-10 5.30e-10 1.07e-09
-24.85 1.49e-09 7.72e-10 6.18e-10 1.18e-09
-24.75 1.72e-09 8.82e-10 7.15e-10 1.30e-09
-24.65 1.99e-09 1.01e-09 8.44e-10 1.46e-09
-24.55 2.29e-09 1.15e-09 9.84e-10 1.62e-09
-24.45 2.64e-09 1.31e-09 1.13e-09 1.78e-09
-24.35 3.03e-09 1.49e-09 1.32e-09 1.98e-09
-24.25 3.48e-09 1.69e-09 1.51e-09 2.19e-09
-24.15 3.99e-09 1.92e-09 1.74e-09 2.44e-09
-24.05 4.56e-09 2.17e-09 1.97e-09 2.69e-09
-23.95 5.23e-09 2.46e-09 2.23e-09 2.97e-09
-23.85 6.00e-09 2.79e-09 2.52e-09 3.30e-09
-23.75 6.85e-09 3.15e-09 2.86e-09 3.68e-09
-23.65 7.82e-09 3.55e-09 3.24e-09 4.12e-09
-23.55 8.91e-09 4.00e-09 3.66e-09 4.64e-09
-23.45 1.02e-08 4.51e-09 4.07e-09 5.17e-09
-23.35 1.16e-08 5.07e-09 4.50e-09 5.76e-09
-23.25 1.32e-08 5.69e-09 4.98e-09 6.46e-09
-23.15 1.50e-08 6.38e-09 5.53e-09 7.25e-09
-23.05 1.70e-08 7.15e-09 6.09e-09 8.13e-09
-22.95 1.93e-08 8.00e-09 6.76e-09 9.16e-09
-22.85 2.19e-08 8.94e-09 7.37e-09 1.02e-08
-22.75 2.48e-08 9.97e-09 8.05e-09 1.13e-08
-22.65 2.80e-08 1.11e-08 8.77e-09 1.26e-08
-22.55 3.18e-08 1.24e-08 9.65e-09 1.42e-08
-22.45 3.57e-08 1.37e-08 1.07e-08 1.59e-08
-22.35 4.03e-08 1.52e-08 1.17e-08 1.77e-08
-22.25 4.56e-08 1.69e-08 1.27e-08 1.97e-08
-22.15 5.14e-08 1.87e-08 1.39e-08 2.19e-08
-22.05 5.77e-08 2.06e-08 1.51e-08 2.43e-08
-21.95 6.48e-08 2.27e-08 1.65e-08 2.69e-08
-21.85 7.30e-08 2.51e-08 1.79e-08 2.97e-08
-21.75 8.16e-08 2.75e-08 1.92e-08 3.26e-08
-21.65 9.16e-08 3.02e-08 2.07e-08 3.59e-08
-21.55 1.03e-07 3.32e-08 2.21e-08 3.92e-08
-21.45 1.15e-07 3.63e-08 2.39e-08 4.31e-08
-21.35 1.29e-07 3.97e-08 2.57e-08 4.73e-08
-21.25 1.44e-07 4.33e-08 2.77e-08 5.17e-08
-21.15 1.60e-07 4.71e-08 2.97e-08 5.65e-08
-21.05 1.79e-07 5.12e-08 3.18e-08 6.16e-08
-20.95 2.00e-07 5.56e-08 3.40e-08 6.70e-08
-20.85 2.22e-07 6.02e-08 3.63e-08 7.27e-08
-20.75 2.47e-07 6.50e-08 3.85e-08 7.87e-08
-20.65 2.75e-07 7.02e-08 4.09e-08 8.51e-08
-20.55 3.05e-07 7.55e-08 4.34e-08 9.18e-08
-20.45 3.38e-07 8.11e-08 4.58e-08 9.88e-08
-20.35 3.75e-07 8.69e-08 4.83e-08 1.06e-07
-20.25 4.16e-07 9.29e-08 5.09e-08 1.14e-07
-20.15 4.60e-07 9.91e-08 5.36e-08 1.22e-07
-20.05 5.07e-07 1.05e-07 5.62e-08 1.30e-07
-19.95 5.63e-07 1.12e-07 5.89e-08 1.38e-07
-19.85 6.19e-07 1.18e-07 6.08e-08 1.45e-07
-19.75 6.86e-07 1.25e-07 6.40e-08 1.54e-07
-19.65 7.54e-07 1.31e-07 6.52e-08 1.61e-07
-19.55 8.30e-07 1.37e-07 6.75e-08 1.69e-07
-19.45 9.12e-07 1.46e-07 7.17e-08 1.80e-07
-19.35 1.00e-06 1.60e-07 7.69e-08 1.97e-07
-19.25 1.09e-06 1.75e-07 8.36e-08 2.16e-07
-19.15 1.20e-06 1.92e-07 9.07e-08 2.37e-07
-19.05 1.31e-06 2.10e-07 9.84e-08 2.60e-07
-18.95 1.44e-06 2.30e-07 1.08e-07 2.84e-07
-18.85 1.57e-06 2.51e-07 1.16e-07 3.10e-07
-18.75 1.71e-06 2.73e-07 1.26e-07 3.38e-07
-18.65 1.86e-06 2.97e-07 1.36e-07 3.68e-07
-18.55 2.02e-06 3.23e-07 1.48e-07 4.00e-07
-18.45 2.19e-06 3.51e-07 1.60e-07 4.34e-07
-18.35 2.37e-06 3.80e-07 1.74e-07 4.70e-07
-18.25 2.57e-06 4.12e-07 1.89e-07 5.09e-07
-18.15 2.78e-06 4.45e-07 2.04e-07 5.50e-07
-18.05 3.00e-06 4.80e-07 2.21e-07 5.93e-07
-17.95 3.24e-06 5.18e-07 2.40e-07 6.38e-07
-17.85 3.48e-06 5.57e-07 2.60e-07 6.86e-07
-17.75 3.74e-06 5.99e-07 2.81e-07 7.37e-07
-17.65 4.01e-06 6.42e-07 3.04e-07 7.90e-07
-17.55 4.30e-06 6.88e-07 3.29e-07 8.45e-07
-17.45 4.60e-06 7.36e-07 3.54e-07 9.02e-07
-17.35 4.91e-06 7.86e-07 3.81e-07 9.61e-07
-17.25 5.24e-06 8.38e-07 4.10e-07 1.02e-06
-17.15 5.57e-06 8.92e-07 4.42e-07 1.09e-06
-17.05 5.92e-06 9.48e-07 4.75e-07 1.15e-06
-16.95 6.31e-06 1.01e-06 5.10e-07 1.22e-06
-16.85 6.62e-06 1.06e-06 5.47e-07 1.29e-06
-16.75 7.06e-06 1.13e-06 5.86e-07 1.36e-06
-16.65 7.44e-06 1.19e-06 6.29e-07 1.43e-06
-16.55 7.81e-06 1.25e-06 6.75e-07 1.50e-06
-16.45 8.25e-06 1.32e-06 7.21e-07 1.58e-06
-16.35 8.62e-06 1.38e-06 7.67e-07 1.65e-06
-16.25 9.06e-06 1.45e-06 8.05e-07 1.72e-06
-16.15 9.50e-06 1.52e-06 8.53e-07 1.79e-06
-16.05 9.94e-06 1.59e-06 9.12e-07 1.87e-06
-15.95 1.04e-05 1.66e-06 9.63e-07 1.94e-06
-15.85 1.07e-05 1.72e-06 1.01e-06 2.01e-06
-15.75 1.12e-05 1.79e-06 1.07e-06 2.07e-06
-15.65 1.16e-05 1.86e-06 1.13e-06 2.15e-06
-15.55 1.21e-05 1.93e-06 1.19e-06 2.21e-06
-15.45 1.24e-05 1.99e-06 1.24e-06 2.28e-06
-15.35 1.29e-05 2.06e-06 1.31e-06 2.35e-06
-15.25 1.32e-05 2.12e-06 1.37e-06 2.41e-06
-15.15 1.36e-05 2.18e-06 1.45e-06 2.47e-06
-15.05 1.40e-05 2.24e-06 1.51e-06 2.53e-06
