M1450 phi_tot phi_unobs phi_low phi_up
-31.95 7.29e-26 5.83e-17 -7.06e-14 7.16e-14
-31.85 8.94e-26 7.15e-17 -7.98e-14 8.12e-14
-31.75 1.10e-25 8.77e-17 -9.01e-14 9.17e-14
-31.65 1.34e-25 1.07e-16 -1.01e-13 1.03e-13
-31.55 1.65e-25 1.32e-16 -1.14e-13 1.16e-13
-31.45 2.01e-25 1.61e-16 -1.28e-13 1.30e-13
-31.35 2.46e-25 1.97e-16 -1.43e-13 1.47e-13
-31.25 3.01e-25 2.41e-16 -1.60e-13 1.64e-13
-31.15 3.69e-25 2.95e-16 -1.79e-13 1.83e-13
-31.05 4.50e-25 3.60e-16 -1.99e-13 2.05e-13
-30.95 5.50e-25 4.40e-16 -2.22e-13 2.28e-13
-30.85 6.72e-25 5.36e-16 -2.46e-13 2.54e-13
-30.75 8.21e-25 6.51e-16 -2.72e-13 2.80e-13
-30.65 1.00e-24 7.90e-16 -3.01e-13 3.11e-13
-30.55 1.22e-24 9.58e-16 -3.31e-13 3.43e-13
-30.45 1.49e-24 1.16e-15 -3.65e-13 3.79e-13
-30.35 1.82e-24 1.41e-15 -4.02e-13 4.20e-13
-30.25 2.22e-24 1.71e-15 -4.43e-13 4.63e-13
-30.15 2.71e-24 2.07e-15 -4.87e-13 5.11e-13
-30.05 3.30e-24 2.51e-15 -5.36e-13 5.64e-13
-29.95 4.01e-24 3.03e-15 -5.88e-13 6.22e-13
-29.85 4.89e-24 3.67e-15 -6.46e-13 6.86e-13
-29.75 5.96e-24 4.44e-15 -7.09e-13 7.57e-13
-29.65 7.26e-24 5.38e-15 -7.78e-13 8.34e-13
-29.55 8.83e-24 6.50e-15 -8.54e-13 9.20e-13
-29.45 1.07e-23 7.86e-15 -9.36e-13 1.01e-12
-29.35 1.31e-23 9.50e-15 -1.02e-12 1.12e-12
-29.25 1.59e-23 1.15e-14 -1.13e-12 1.23e-12
-29.15 1.94e-23 1.39e-14 -1.23e-12 1.35e-12
-29.05 2.34e-23 1.67e-14 -1.34e-12 1.50e-12
-28.95 2.85e-23 2.02e-14 -1.47e-12 1.65e-12
-28.85 3.45e-23 2.43e-14 -1.61e-12 1.83e-12
-28.75 4.19e-23 2.93e-14 -1.76e-12 2.02e-12
-28.65 5.10e-23 3.54e-14 -1.92e-12 2.22e-12
-28.55 6.18e-23 4.26e-14 -2.10e-12 2.44e-12
-28.45 7.49e-23 5.13e-14 -2.29e-12 2.70e-12
-28.35 9.09e-23 6.18e-14 -2.49e-12 2.97e-12
-28.25 1.10e-22 7.43e-14 -2.72e-12 3.28e-12
-28.15 1.33e-22 8.94e-14 -2.96e-12 3.62e-12
-28.05 1.61e-22 1.07e-13 -3.22e-12 4.00e-12
-27.95 1.95e-22 1.29e-13 -3.51e-12 4.41e-12
-27.85 2.36e-22 1.55e-13 -3.81e-12 4.87e-12
-27.75 2.85e-22 1.86e-13 -4.14e-12 5.38e-12
-27.65 3.44e-22 2.23e-13 -4.51e-12 5.95e-12
-27.55 4.17e-22 2.68e-13 -4.89e-12 6.57e-12
-27.45 5.03e-22 3.21e-13 -5.31e-12 7.26e-12
-27.35 6.07e-22 3.85e-13 -5.75e-12 8.03e-12
-27.25 7.32e-22 4.61e-13 -6.24e-12 8.88e-12
-27.15 8.83e-22 5.52e-13 -6.74e-12 9.84e-12
-27.05 1.07e-21 6.61e-13 -7.27e-12 1.09e-11
-26.95 1.28e-21 7.90e-13 -7.85e-12 1.21e-11
-26.85 1.54e-21 9.44e-13 -8.43e-12 1.34e-11
-26.75 1.86e-21 1.13e-12 -9.11e-12 1.49e-11
-26.65 2.24e-21 1.35e-12 -9.73e-12 1.65e-11
-26.55 2.70e-21 1.61e-12 -1.05e-11 1.83e-11
-26.45 3.24e-21 1.92e-12 -1.11e-11 2.03e-11
-26.35 3.88e-21 2.28e-12 -1.18e-11 2.25e-11
-26.25 4.66e-21 2.72e-12 -1.26e-11 2.50e-11
-26.15 5.60e-21 3.24e-12 -1.33e-11 2.79e-11
-26.05 6.71e-21 3.85e-12 -1.41e-11 3.10e-11
-25.95 8.03e-21 4.57e-12 -1.49e-11 3.45e-11
-25.85 9.61e-21 5.43e-12 -1.56e-11 3.84e-11
-25.75 1.15e-20 6.45e-12 -1.63e-11 4.27e-11
-25.65 1.38e-20 7.65e-12 -1.68e-11 4.76e-11
-25.55 1.65e-20 9.07e-12 -1.74e-11 5.30e-11
-25.45 1.96e-20 1.07e-11 -1.77e-11 5.91e-11
-25.35 2.35e-20 1.27e-11 -1.81e-11 6.59e-11
-25.25 2.80e-20 1.50e-11 -1.81e-11 7.35e-11
-25.15 3.35e-20 1.78e-11 -1.78e-11 8.20e-11
-25.05 3.99e-20 2.10e-11 -1.72e-11 9.14e-11
-24.95 4.74e-20 2.47e-11 -1.63e-11 1.02e-10
-24.85 5.63e-20 2.91e-11 -1.49e-11 1.14e-10
-24.75 6.70e-20 3.43e-11 -1.28e-11 1.27e-10
-24.65 7.97e-20 4.04e-11 -1.00e-11 1.42e-10
-24.55 9.45e-20 4.74e-11 -6.40e-12 1.59e-10
-24.45 1.12e-19 5.57e-11 -1.80e-12 1.77e-10
-24.35 1.33e-19 6.53e-11 4.20e-12 1.98e-10
-24.25 1.58e-19 7.66e-11 1.10e-11 2.21e-10
-24.15 1.86e-19 8.96e-11 2.00e-11 2.46e-10
-24.05 2.21e-19 1.05e-10 3.10e-11 2.75e-10
-23.95 2.59e-19 1.22e-10 4.30e-11 3.05e-10
-23.85 3.07e-19 1.43e-10 5.70e-11 3.39e-10
-23.75 3.61e-19 1.66e-10 7.30e-11 3.77e-10
-23.65 4.27e-19 1.94e-10 9.30e-11 4.19e-10
-23.55 5.01e-19 2.25e-10 1.18e-10 4.66e-10
-23.45 5.91e-19 2.62e-10 1.45e-10 5.17e-10
-23.35 6.93e-19 3.03e-10 1.81e-10 5.77e-10
-23.25 8.13e-19 3.51e-10 2.24e-10 6.46e-10
-23.15 9.53e-19 4.06e-10 2.75e-10 7.23e-10
-23.05 1.12e-18 4.69e-10 3.38e-10 8.12e-10
-22.95 1.31e-18 5.41e-10 4.06e-10 9.06e-10
-22.85 1.53e-18 6.23e-10 4.88e-10 1.01e-09
-22.75 1.78e-18 7.16e-10 5.77e-10 1.13e-09
-22.65 2.08e-18 8.22e-10 6.72e-10 1.25e-09
-22.55 2.42e-18 9.42e-10 7.87e-10 1.39e-09
-22.45 2.82e-18 1.08e-09 9.14e-10 1.55e-09
-22.35 3.26e-18 1.23e-09 1.06e-09 1.72e-09
-22.25 3.81e-18 1.41e-09 1.23e-09 1.91e-09
-22.15 4.40e-18 1.60e-09 1.42e-09 2.14e-09
-22.05 5.09e-18 1.82e-09 1.63e-09 2.37e-09
-21.95 5.88e-18 2.06e-09 1.87e-09 2.65e-09
-21.85 6.81e-18 2.34e-09 2.13e-09 2.95e-09
-21.75 7.84e-18 2.64e-09 2.42e-09 3.28e-09
-21.65 9.03e-18 2.98e-09 2.73e-09 3.63e-09
-21.55 1.04e-17 3.35e-09 3.04e-09 4.00e-09
-21.45 1.19e-17 3.76e-09 3.40e-09 4.44e-09
-21.35 1.37e-17 4.22e-09 3.80e-09 4.94e-09
-21.25 1.57e-17 4.72e-09 4.22e-09 5.46e-09
-21.15 1.79e-17 5.27e-09 4.68e-09 6.06e-09
-21.05 2.05e-17 5.87e-09 5.14e-09 6.69e-09
-20.95 2.34e-17 6.52e-09 5.61e-09 7.35e-09
-20.85 2.67e-17 7.23e-09 6.14e-09 8.10e-09
-20.75 3.04e-17 8.00e-09 6.61e-09 8.83e-09
-20.65 3.45e-17 8.82e-09 7.20e-09 9.70e-09
-20.55 3.92e-17 9.71e-09 7.83e-09 1.06e-08
-20.45 4.46e-17 1.07e-08 8.51e-09 1.17e-08
-20.35 5.05e-17 1.17e-08 9.32e-09 1.29e-08
-20.25 5.73e-17 1.28e-08 1.01e-08 1.41e-08
-20.15 6.45e-17 1.39e-08 1.09e-08 1.53e-08
-20.05 7.29e-17 1.51e-08 1.17e-08 1.67e-08
-19.95 8.20e-17 1.63e-08 1.26e-08 1.80e-08
-19.85 9.24e-17 1.76e-08 1.36e-08 1.96e-08
-19.75 1.04e-16 1.90e-08 1.45e-08 2.12e-08
-19.65 1.17e-16 2.04e-08 1.55e-08 2.29e-08
-19.55 1.32e-16 2.18e-08 1.64e-08 2.44e-08
-19.45 1.48e-16 2.37e-08 1.76e-08 2.66e-08
-19.35 1.66e-16 2.66e-08 1.96e-08 2.98e-08
-19.25 1.86e-16 2.98e-08 2.18e-08 3.34e-08
-19.15 2.08e-16 3.33e-08 2.41e-08 3.75e-08
-19.05 2.33e-16 3.73e-08 2.69e-08 4.21e-08
-18.95 2.61e-16 4.18e-08 2.98e-08 4.72e-08
-18.85 2.92e-16 4.67e-08 3.30e-08 5.28e-08
-18.75 3.26e-16 5.21e-08 3.64e-08 5.90e-08
-18.65 3.64e-16 5.82e-08 4.02e-08 6.58e-08
-18.55 4.06e-16 6.49e-08 4.43e-08 7.33e-08
-18.45 4.52e-16 7.23e-08 4.89e-08 8.17e-08
-18.35 5.03e-16 8.05e-08 5.40e-08 9.10e-08
-18.25 5.60e-16 8.96e-08 5.97e-08 1.01e-07
-18.15 6.22e-16 9.96e-08 6.56e-08 1.13e-07
-18.05 6.94e-16 1.11e-07 7.22e-08 1.25e-07
-17.95 7.69e-16 1.23e-07 7.93e-08 1.39e-07
-17.85 8.50e-16 1.36e-07 8.67e-08 1.53e-07
-17.75 9.37e-16 1.50e-07 9.58e-08 1.70e-07
-17.65 1.04e-15 1.66e-07 1.05e-07 1.88e-07
-17.55 1.15e-15 1.84e-07 1.15e-07 2.07e-07
-17.45 1.27e-15 2.03e-07 1.27e-07 2.29e-07
-17.35 1.39e-15 2.23e-07 1.39e-07 2.53e-07
-17.25 1.53e-15 2.45e-07 1.52e-07 2.78e-07
-17.15 1.68e-15 2.69e-07 1.66e-07 3.04e-07
-17.05 1.84e-15 2.95e-07 1.81e-07 3.33e-07
-16.95 2.02e-15 3.23e-07 1.97e-07 3.65e-07
-16.85 2.21e-15 3.54e-07 2.15e-07 3.98e-07
-16.75 2.41e-15 3.86e-07 2.35e-07 4.35e-07
-16.65 2.62e-15 4.20e-07 2.56e-07 4.74e-07
-16.55 2.86e-15 4.57e-07 2.79e-07 5.15e-07
-16.45 3.10e-15 4.96e-07 3.04e-07 5.60e-07
-16.35 3.36e-15 5.38e-07 3.30e-07 6.06e-07
-16.25 3.64e-15 5.82e-07 3.58e-07 6.56e-07
-16.15 3.93e-15 6.29e-07 3.89e-07 7.09e-07
-16.05 4.24e-15 6.78e-07 4.20e-07 7.64e-07
-15.95 4.56e-15 7.29e-07 4.55e-07 8.21e-07
-15.85 4.89e-15 7.83e-07 4.90e-07 8.82e-07
-15.75 5.24e-15 8.39e-07 5.29e-07 9.45e-07
-15.65 5.61e-15 8.98e-07 5.70e-07 1.01e-06
-15.55 5.99e-15 9.59e-07 6.13e-07 1.08e-06
-15.45 6.37e-15 1.02e-06 6.57e-07 1.15e-06
-15.35 6.81e-15 1.09e-06 7.04e-07 1.22e-06
-15.25 7.25e-15 1.16e-06 7.59e-07 1.30e-06
-15.15 7.62e-15 1.22e-06 8.06e-07 1.37e-06
-15.05 8.12e-15 1.30e-06 8.64e-07 1.46e-06
