M1450 phi_tot phi_unobs phi_low phi_up
-31.92 5.36e-15 4.29e-15 1.12e-15 1.46e-14
-31.76 1.07e-14 8.57e-15 3.05e-15 2.50e-14
-31.60 2.01e-14 1.61e-14 6.71e-15 4.17e-14
-31.44 3.57e-14 2.85e-14 1.24e-14 6.74e-14
-31.29 6.06e-14 4.84e-14 2.05e-14 1.06e-13
-31.13 9.92e-14 7.93e-14 3.14e-14 1.65e-13
-30.97 1.58e-13 1.26e-13 5.64e-14 2.66e-13
-30.81 2.47e-13 1.97e-13 9.26e-14 4.19e-13
-30.65 3.84e-13 3.02e-13 1.29e-13 6.37e-13
-30.49 5.95e-13 4.64e-13 1.71e-13 9.62e-13
-30.33 9.29e-13 7.18e-13 2.27e-13 1.46e-12
-30.17 1.47e-12 1.12e-12 3.45e-13 2.25e-12
-30.01 2.35e-12 1.78e-12 5.97e-13 3.52e-12
-29.86 3.82e-12 2.87e-12 1.12e-12 5.57e-12
-29.70 6.25e-12 4.64e-12 1.90e-12 8.58e-12
-29.54 1.03e-11 7.55e-12 3.64e-12 1.35e-11
-29.38 1.68e-11 1.22e-11 6.74e-12 2.12e-11
-29.22 2.73e-11 1.97e-11 1.24e-11 3.31e-11
-29.06 4.40e-11 3.14e-11 2.15e-11 5.07e-11
-28.90 6.99e-11 4.93e-11 3.63e-11 7.65e-11
-28.74 1.09e-10 7.63e-11 5.84e-11 1.13e-10
-28.59 1.68e-10 1.16e-10 9.36e-11 1.66e-10
-28.43 2.55e-10 1.74e-10 1.44e-10 2.38e-10
-28.27 3.79e-10 2.56e-10 2.18e-10 3.37e-10
-28.11 5.55e-10 3.72e-10 3.28e-10 4.77e-10
-27.95 8.00e-10 5.30e-10 4.69e-10 6.50e-10
-27.79 1.14e-09 7.44e-10 6.61e-10 8.76e-10
-27.63 1.59e-09 1.03e-09 9.25e-10 1.18e-09
-27.47 2.19e-09 1.40e-09 1.27e-09 1.56e-09
-27.31 2.98e-09 1.88e-09 1.72e-09 2.04e-09
-27.16 3.99e-09 2.50e-09 2.29e-09 2.66e-09
-27.00 5.29e-09 3.27e-09 3.04e-09 3.48e-09
-26.84 6.92e-09 4.23e-09 3.93e-09 4.46e-09
-26.68 8.96e-09 5.41e-09 5.04e-09 5.71e-09
-26.52 1.15e-08 6.84e-09 6.41e-09 7.28e-09
-26.36 1.46e-08 8.57e-09 8.03e-09 9.18e-09
-26.20 1.83e-08 1.06e-08 9.91e-09 1.14e-08
-26.04 2.27e-08 1.31e-08 1.21e-08 1.41e-08
-25.89 2.80e-08 1.59e-08 1.45e-08 1.71e-08
-25.73 3.43e-08 1.92e-08 1.74e-08 2.08e-08
-25.57 4.17e-08 2.30e-08 2.07e-08 2.50e-08
-25.41 5.03e-08 2.74e-08 2.45e-08 2.98e-08
-25.25 6.02e-08 3.23e-08 2.88e-08 3.54e-08
-25.09 7.17e-08 3.79e-08 3.36e-08 4.16e-08
-24.93 8.48e-08 4.42e-08 3.89e-08 4.87e-08
-24.77 9.98e-08 5.12e-08 4.50e-08 5.67e-08
-24.61 1.17e-07 5.90e-08 5.14e-08 6.55e-08
-24.46 1.36e-07 6.76e-08 5.88e-08 7.54e-08
-24.30 1.58e-07 7.70e-08 6.67e-08 8.63e-08
-24.14 1.82e-07 8.74e-08 7.55e-08 9.84e-08
-23.98 2.09e-07 9.87e-08 8.48e-08 1.12e-07
-23.82 2.39e-07 1.11e-07 9.51e-08 1.26e-07
-23.66 2.73e-07 1.24e-07 1.06e-07 1.42e-07
-23.50 3.11e-07 1.39e-07 1.18e-07 1.59e-07
-23.34 3.52e-07 1.54e-07 1.30e-07 1.77e-07
-23.19 3.98e-07 1.70e-07 1.44e-07 1.97e-07
-23.03 4.48e-07 1.88e-07 1.59e-07 2.19e-07
-22.87 5.03e-07 2.06e-07 1.74e-07 2.42e-07
-22.71 5.64e-07 2.26e-07 1.90e-07 2.66e-07
-22.55 6.31e-07 2.46e-07 2.06e-07 2.91e-07
-22.39 7.04e-07 2.67e-07 2.23e-07 3.18e-07
-22.23 7.83e-07 2.89e-07 2.41e-07 3.47e-07
-22.07 8.69e-07 3.12e-07 2.59e-07 3.77e-07
-21.91 9.63e-07 3.35e-07 2.78e-07 4.08e-07
-21.76 1.06e-06 3.59e-07 2.96e-07 4.39e-07
-21.60 1.17e-06 3.83e-07 3.14e-07 4.70e-07
-21.44 1.29e-06 4.08e-07 3.35e-07 5.05e-07
-21.28 1.42e-06 4.32e-07 3.51e-07 5.36e-07
-21.12 1.57e-06 4.56e-07 3.68e-07 5.66e-07
-20.96 1.72e-06 4.80e-07 3.87e-07 6.00e-07
-20.80 1.88e-06 5.03e-07 4.07e-07 6.34e-07
-20.64 2.06e-06 5.25e-07 4.23e-07 6.62e-07
-20.49 2.25e-06 5.46e-07 4.35e-07 6.87e-07
-20.33 2.45e-06 5.64e-07 4.48e-07 7.11e-07
-20.17 2.68e-06 5.81e-07 4.60e-07 7.32e-07
-20.01 2.92e-06 5.94e-07 4.70e-07 7.49e-07
-19.85 3.17e-06 6.05e-07 4.78e-07 7.61e-07
-19.69 3.45e-06 6.11e-07 4.83e-07 7.68e-07
-19.53 3.75e-06 6.12e-07 4.84e-07 7.68e-07
-19.37 4.05e-06 6.49e-07 5.14e-07 8.11e-07
-19.21 4.39e-06 7.02e-07 5.57e-07 8.75e-07
-19.06 4.74e-06 7.59e-07 6.06e-07 9.43e-07
-18.90 5.12e-06 8.18e-07 6.56e-07 1.01e-06
-18.74 5.51e-06 8.82e-07 7.09e-07 1.08e-06
-18.58 5.92e-06 9.48e-07 7.64e-07 1.16e-06
-18.42 6.36e-06 1.02e-06 8.22e-07 1.23e-06
-18.26 6.81e-06 1.09e-06 8.82e-07 1.31e-06
-18.10 7.28e-06 1.17e-06 9.47e-07 1.39e-06
-17.94 7.77e-06 1.24e-06 1.02e-06 1.47e-06
-17.79 8.27e-06 1.32e-06 1.09e-06 1.55e-06
-17.63 8.79e-06 1.41e-06 1.16e-06 1.63e-06
-17.47 9.31e-06 1.49e-06 1.24e-06 1.71e-06
-17.31 9.84e-06 1.57e-06 1.32e-06 1.79e-06
-17.15 1.04e-05 1.66e-06 1.41e-06 1.88e-06
-16.99 1.09e-05 1.74e-06 1.50e-06 1.96e-06
-16.83 1.14e-05 1.83e-06 1.59e-06 2.04e-06
-16.67 1.19e-05 1.91e-06 1.68e-06 2.11e-06
-16.51 1.25e-05 1.99e-06 1.76e-06 2.18e-06
-16.36 1.29e-05 2.07e-06 1.85e-06 2.24e-06
-16.20 1.34e-05 2.15e-06 1.94e-06 2.31e-06
-16.04 1.38e-05 2.22e-06 2.03e-06 2.36e-06
-15.88 1.43e-05 2.28e-06 2.11e-06 2.40e-06
-15.72 1.46e-05 2.34e-06 2.18e-06 2.44e-06
-15.56 1.49e-05 2.39e-06 2.25e-06 2.47e-06
-15.40 1.52e-05 2.44e-06 2.31e-06 2.49e-06
-15.24 1.54e-05 2.47e-06 2.36e-06 2.50e-06
-15.09 1.56e-05 2.50e-06 2.39e-06 2.51e-06
-14.93 1.57e-05 2.52e-06 2.42e-06 2.53e-06
-14.77 1.58e-05 2.52e-06 2.42e-06 2.56e-06
-14.61 1.58e-05 2.52e-06 2.42e-06 2.60e-06
-14.45 1.57e-05 2.51e-06 2.39e-06 2.61e-06
-14.29 1.55e-05 2.49e-06 2.34e-06 2.61e-06
-14.13 1.53e-05 2.45e-06 2.27e-06 2.60e-06
-13.97 1.50e-05 2.41e-06 2.21e-06 2.58e-06
-13.81 1.47e-05 2.35e-06 2.13e-06 2.54e-06
-13.66 1.43e-05 2.29e-06 2.05e-06 2.51e-06
-13.50 1.38e-05 2.21e-06 1.96e-06 2.46e-06
-13.34 1.33e-05 2.13e-06 1.87e-06 2.40e-06
-13.18 1.27e-05 2.04e-06 1.77e-06 2.32e-06
-13.02 1.21e-05 1.94e-06 1.67e-06 2.24e-06
-12.86 1.15e-05 1.84e-06 1.56e-06 2.15e-06
-12.70 1.08e-05 1.73e-06 1.45e-06 2.05e-06
-12.54 1.01e-05 1.61e-06 1.34e-06 1.93e-06
-12.39 9.34e-06 1.50e-06 1.23e-06 1.82e-06
-12.23 8.61e-06 1.38e-06 1.11e-06 1.69e-06
-12.07 7.87e-06 1.26e-06 1.01e-06 1.57e-06
-11.91 7.14e-06 1.14e-06 8.99e-07 1.44e-06
-11.75 6.42e-06 1.03e-06 7.98e-07 1.31e-06
-11.59 5.73e-06 9.17e-07 7.01e-07 1.18e-06
-11.43 5.06e-06 8.10e-07 6.10e-07 1.05e-06
-11.27 4.43e-06 7.09e-07 5.25e-07 9.32e-07
-11.11 3.84e-06 6.14e-07 4.47e-07 8.15e-07
-10.96 3.29e-06 5.26e-07 3.76e-07 7.06e-07
-10.80 2.78e-06 4.46e-07 3.13e-07 6.04e-07
-10.64 2.33e-06 3.73e-07 2.57e-07 5.10e-07
-10.48 1.92e-06 3.08e-07 2.08e-07 4.25e-07
-10.32 1.57e-06 2.51e-07 1.66e-07 3.50e-07
-10.16 1.26e-06 2.01e-07 1.30e-07 2.84e-07
-10.00 9.96e-07 1.59e-07 1.01e-07 2.27e-07
-9.84 7.74e-07 1.24e-07 7.70e-08 1.78e-07
-9.69 5.91e-07 9.45e-08 5.75e-08 1.38e-07
-9.53 4.42e-07 7.07e-08 4.20e-08 1.04e-07
-9.37 3.24e-07 5.18e-08 3.00e-08 7.74e-08
-9.21 2.32e-07 3.71e-08 2.09e-08 5.60e-08
-9.05 1.61e-07 2.58e-08 1.42e-08 3.95e-08
-8.89 1.09e-07 1.75e-08 9.30e-09 2.71e-08
-8.73 7.17e-08 1.15e-08 5.94e-09 1.80e-08
-8.57 4.54e-08 7.26e-09 3.67e-09 1.16e-08
-8.41 2.76e-08 4.42e-09 2.18e-09 7.20e-09
-8.26 1.61e-08 2.58e-09 1.22e-09 4.26e-09
-8.10 8.95e-09 1.43e-09 6.44e-10 2.40e-09
-7.94 4.71e-09 7.53e-10 3.21e-10 1.28e-09
-7.78 2.33e-09 3.73e-10 1.49e-10 6.44e-10
-7.62 1.08e-09 1.72e-10 6.41e-11 3.02e-10
-7.46 4.61e-10 7.38e-11 2.56e-11 1.32e-10
-7.30 1.82e-10 2.91e-11 9.37e-12 5.30e-11
-7.14 6.51e-11 1.04e-11 3.04e-12 1.93e-11
-6.99 2.11e-11 3.38e-12 8.81e-13 6.37e-12
-6.83 6.15e-12 9.84e-13 2.27e-13 1.89e-12
-6.67 1.60e-12 2.56e-13 5.05e-14 5.00e-13
-6.51 3.65e-13 5.83e-14 9.32e-15 1.16e-13
-6.35 7.25e-14 1.16e-14 1.47e-15 2.34e-14
-6.19 1.26e-14 2.02e-15 1.87e-16 4.15e-15
-6.03 1.89e-15 3.03e-16 1.53e-17 6.33e-16
-5.87 2.32e-16 3.71e-17 3.00e-20 8.02e-17
-5.71 2.14e-17 3.42e-18 -2.47e-19 7.62e-18
-5.56 1.28e-18 2.05e-19 -3.53e-20 4.75e-19
-5.40 4.40e-20 7.04e-21 -2.29e-21 1.73e-20
-5.24 6.77e-22 1.08e-22 -4.89e-23 2.80e-22
-5.08 2.88e-24 4.60e-25 -3.08e-25 1.30e-24
