M1450 phi_tot phi_unobs phi_low phi_up
-31.95 2.33e-13 1.86e-13 -2.34e-12 2.98e-12
-31.85 2.77e-13 2.22e-13 -2.60e-12 3.36e-12
-31.75 3.30e-13 2.64e-13 -2.88e-12 3.77e-12
-31.65 3.92e-13 3.13e-13 -3.19e-12 4.23e-12
-31.55 4.65e-13 3.72e-13 -3.52e-12 4.75e-12
-31.45 5.52e-13 4.42e-13 -3.88e-12 5.31e-12
-31.35 6.55e-13 5.24e-13 -4.26e-12 5.94e-12
-31.25 7.76e-13 6.21e-13 -4.67e-12 6.64e-12
-31.15 9.19e-13 7.35e-13 -5.11e-12 7.41e-12
-31.05 1.09e-12 8.70e-13 -5.58e-12 8.27e-12
-30.95 1.29e-12 1.03e-12 -6.09e-12 9.22e-12
-30.85 1.52e-12 1.21e-12 -6.61e-12 1.02e-11
-30.75 1.80e-12 1.42e-12 -7.13e-12 1.13e-11
-30.65 2.12e-12 1.67e-12 -7.68e-12 1.26e-11
-30.55 2.50e-12 1.96e-12 -8.25e-12 1.39e-11
-30.45 2.95e-12 2.30e-12 -8.85e-12 1.54e-11
-30.35 3.48e-12 2.69e-12 -9.47e-12 1.70e-11
-30.25 4.10e-12 3.15e-12 -1.01e-11 1.88e-11
-30.15 4.82e-12 3.69e-12 -1.07e-11 2.09e-11
-30.05 5.68e-12 4.31e-12 -1.14e-11 2.31e-11
-29.95 6.68e-12 5.04e-12 -1.21e-11 2.55e-11
-29.85 7.85e-12 5.89e-12 -1.27e-11 2.83e-11
-29.75 9.22e-12 6.87e-12 -1.34e-11 3.13e-11
-29.65 1.08e-11 8.02e-12 -1.40e-11 3.46e-11
-29.55 1.27e-11 9.35e-12 -1.46e-11 3.83e-11
-29.45 1.49e-11 1.09e-11 -1.51e-11 4.25e-11
-29.35 1.74e-11 1.27e-11 -1.55e-11 4.70e-11
-29.25 2.04e-11 1.48e-11 -1.59e-11 5.21e-11
-29.15 2.39e-11 1.72e-11 -1.61e-11 5.77e-11
-29.05 2.80e-11 1.99e-11 -1.61e-11 6.40e-11
-28.95 3.27e-11 2.32e-11 -1.60e-11 7.10e-11
-28.85 3.82e-11 2.69e-11 -1.56e-11 7.87e-11
-28.75 4.46e-11 3.12e-11 -1.49e-11 8.73e-11
-28.65 5.21e-11 3.62e-11 -1.37e-11 9.68e-11
-28.55 6.07e-11 4.19e-11 -1.21e-11 1.07e-10
-28.45 7.08e-11 4.85e-11 -9.70e-12 1.19e-10
-28.35 8.25e-11 5.61e-11 -6.64e-12 1.32e-10
-28.25 9.60e-11 6.48e-11 -2.77e-12 1.47e-10
-28.15 1.12e-10 7.49e-11 2.09e-12 1.64e-10
-28.05 1.30e-10 8.65e-11 8.09e-12 1.82e-10
-27.95 1.51e-10 9.97e-11 1.59e-11 2.03e-10
-27.85 1.75e-10 1.15e-10 2.54e-11 2.26e-10
-27.75 2.03e-10 1.32e-10 3.69e-11 2.53e-10
-27.65 2.35e-10 1.52e-10 5.07e-11 2.82e-10
-27.55 2.72e-10 1.75e-10 6.64e-11 3.14e-10
-27.45 3.15e-10 2.02e-10 8.49e-11 3.49e-10
-27.35 3.65e-10 2.31e-10 1.08e-10 3.90e-10
-27.25 4.22e-10 2.66e-10 1.36e-10 4.36e-10
-27.15 4.87e-10 3.04e-10 1.68e-10 4.87e-10
-27.05 5.62e-10 3.49e-10 2.06e-10 5.44e-10
-26.95 6.48e-10 3.99e-10 2.50e-10 6.07e-10
-26.85 7.47e-10 4.57e-10 3.01e-10 6.79e-10
-26.75 8.60e-10 5.22e-10 3.61e-10 7.58e-10
-26.65 9.90e-10 5.96e-10 4.31e-10 8.47e-10
-26.55 1.14e-09 6.80e-10 5.10e-10 9.46e-10
-26.45 1.31e-09 7.75e-10 6.05e-10 1.06e-09
-26.35 1.50e-09 8.83e-10 7.02e-10 1.17e-09
-26.25 1.72e-09 1.00e-09 8.11e-10 1.30e-09
-26.15 1.97e-09 1.14e-09 9.36e-10 1.44e-09
-26.05 2.26e-09 1.30e-09 1.07e-09 1.59e-09
-25.95 2.59e-09 1.47e-09 1.23e-09 1.77e-09
-25.85 2.96e-09 1.67e-09 1.40e-09 1.95e-09
-25.75 3.38e-09 1.89e-09 1.59e-09 2.16e-09
-25.65 3.86e-09 2.14e-09 1.82e-09 2.42e-09
-25.55 4.40e-09 2.42e-09 2.06e-09 2.69e-09
-25.45 5.02e-09 2.74e-09 2.33e-09 3.01e-09
-25.35 5.72e-09 3.09e-09 2.66e-09 3.40e-09
-25.25 6.50e-09 3.49e-09 2.97e-09 3.81e-09
-25.15 7.39e-09 3.93e-09 3.32e-09 4.27e-09
-25.05 8.40e-09 4.42e-09 3.69e-09 4.80e-09
-24.95 9.53e-09 4.97e-09 4.05e-09 5.36e-09
-24.85 1.08e-08 5.59e-09 4.46e-09 6.00e-09
-24.75 1.23e-08 6.27e-09 4.96e-09 6.78e-09
-24.65 1.39e-08 7.03e-09 5.46e-09 7.62e-09
-24.55 1.57e-08 7.87e-09 5.97e-09 8.53e-09
-24.45 1.77e-08 8.81e-09 6.59e-09 9.61e-09
-24.35 2.00e-08 9.85e-09 7.21e-09 1.08e-08
-24.25 2.26e-08 1.10e-08 7.89e-09 1.21e-08
-24.15 2.55e-08 1.23e-08 8.73e-09 1.36e-08
-24.05 2.87e-08 1.37e-08 9.58e-09 1.53e-08
-23.95 3.23e-08 1.52e-08 1.05e-08 1.71e-08
-23.85 3.64e-08 1.69e-08 1.15e-08 1.92e-08
-23.75 4.09e-08 1.88e-08 1.26e-08 2.14e-08
-23.65 4.59e-08 2.08e-08 1.38e-08 2.39e-08
-23.55 5.15e-08 2.31e-08 1.50e-08 2.66e-08
-23.45 5.77e-08 2.56e-08 1.62e-08 2.96e-08
-23.35 6.46e-08 2.83e-08 1.76e-08 3.29e-08
-23.25 7.23e-08 3.12e-08 1.91e-08 3.65e-08
-23.15 8.09e-08 3.45e-08 2.08e-08 4.05e-08
-23.05 9.03e-08 3.80e-08 2.27e-08 4.51e-08
-22.95 1.01e-07 4.18e-08 2.47e-08 4.99e-08
-22.85 1.12e-07 4.59e-08 2.68e-08 5.52e-08
-22.75 1.25e-07 5.04e-08 2.91e-08 6.11e-08
-22.65 1.40e-07 5.53e-08 3.15e-08 6.74e-08
-22.55 1.55e-07 6.05e-08 3.41e-08 7.44e-08
-22.45 1.73e-07 6.62e-08 3.69e-08 8.19e-08
-22.35 1.92e-07 7.23e-08 3.99e-08 9.00e-08
-22.25 2.13e-07 7.88e-08 4.29e-08 9.86e-08
-22.15 2.36e-07 8.59e-08 4.59e-08 1.08e-07
-22.05 2.61e-07 9.34e-08 4.90e-08 1.18e-07
-21.95 2.90e-07 1.02e-07 5.23e-08 1.28e-07
-21.85 3.20e-07 1.10e-07 5.57e-08 1.39e-07
-21.75 3.54e-07 1.19e-07 5.92e-08 1.51e-07
-21.65 3.90e-07 1.29e-07 6.26e-08 1.64e-07
-21.55 4.31e-07 1.39e-07 6.63e-08 1.77e-07
-21.45 4.75e-07 1.50e-07 7.00e-08 1.91e-07
-21.35 5.22e-07 1.61e-07 7.37e-08 2.05e-07
-21.25 5.75e-07 1.73e-07 7.76e-08 2.21e-07
-21.15 6.31e-07 1.85e-07 8.16e-08 2.37e-07
-21.05 6.93e-07 1.98e-07 8.58e-08 2.53e-07
-20.95 7.60e-07 2.12e-07 8.99e-08 2.70e-07
-20.85 8.32e-07 2.26e-07 9.45e-08 2.88e-07
-20.75 9.11e-07 2.40e-07 9.94e-08 3.07e-07
-20.65 9.95e-07 2.54e-07 1.04e-07 3.26e-07
-20.55 1.09e-06 2.69e-07 1.09e-07 3.46e-07
-20.45 1.19e-06 2.84e-07 1.15e-07 3.65e-07
-20.35 1.29e-06 2.99e-07 1.20e-07 3.85e-07
-20.25 1.41e-06 3.14e-07 1.25e-07 4.05e-07
-20.15 1.53e-06 3.29e-07 1.30e-07 4.24e-07
-20.05 1.66e-06 3.44e-07 1.36e-07 4.43e-07
-19.95 1.80e-06 3.58e-07 1.41e-07 4.61e-07
-19.85 1.95e-06 3.71e-07 1.46e-07 4.78e-07
-19.75 2.11e-06 3.84e-07 1.51e-07 4.94e-07
-19.65 2.28e-06 3.95e-07 1.56e-07 5.09e-07
-19.55 2.46e-06 4.06e-07 1.61e-07 5.22e-07
-19.45 2.65e-06 4.24e-07 1.69e-07 5.45e-07
-19.35 2.85e-06 4.56e-07 1.84e-07 5.87e-07
-19.25 3.06e-06 4.90e-07 2.01e-07 6.31e-07
-19.15 3.28e-06 5.26e-07 2.19e-07 6.78e-07
-19.05 3.52e-06 5.63e-07 2.38e-07 7.26e-07
-18.95 3.77e-06 6.03e-07 2.58e-07 7.78e-07
-18.85 4.03e-06 6.44e-07 2.81e-07 8.31e-07
-18.75 4.30e-06 6.87e-07 3.04e-07 8.86e-07
-18.65 4.58e-06 7.33e-07 3.30e-07 9.44e-07
-18.55 4.87e-06 7.80e-07 3.58e-07 1.00e-06
-18.45 5.18e-06 8.28e-07 3.87e-07 1.07e-06
-18.35 5.49e-06 8.79e-07 4.17e-07 1.13e-06
-18.25 5.82e-06 9.31e-07 4.48e-07 1.19e-06
-18.15 6.16e-06 9.85e-07 4.82e-07 1.26e-06
-18.05 6.50e-06 1.04e-06 5.18e-07 1.33e-06
-17.95 6.86e-06 1.10e-06 5.55e-07 1.39e-06
-17.85 7.22e-06 1.15e-06 5.94e-07 1.46e-06
-17.75 7.59e-06 1.22e-06 6.34e-07 1.53e-06
-17.65 7.97e-06 1.28e-06 6.75e-07 1.60e-06
-17.55 8.36e-06 1.34e-06 7.19e-07 1.67e-06
-17.45 8.74e-06 1.40e-06 7.64e-07 1.74e-06
-17.35 9.14e-06 1.46e-06 8.11e-07 1.81e-06
-17.25 9.53e-06 1.53e-06 8.60e-07 1.88e-06
-17.15 9.93e-06 1.59e-06 9.11e-07 1.95e-06
-17.05 1.03e-05 1.65e-06 9.63e-07 2.01e-06
-16.95 1.07e-05 1.72e-06 1.02e-06 2.08e-06
-16.85 1.11e-05 1.78e-06 1.07e-06 2.15e-06
-16.75 1.15e-05 1.84e-06 1.13e-06 2.21e-06
-16.65 1.19e-05 1.90e-06 1.19e-06 2.27e-06
-16.55 1.23e-05 1.96e-06 1.25e-06 2.33e-06
-16.45 1.26e-05 2.02e-06 1.31e-06 2.39e-06
-16.35 1.30e-05 2.08e-06 1.37e-06 2.45e-06
-16.25 1.34e-05 2.14e-06 1.43e-06 2.51e-06
-16.15 1.37e-05 2.19e-06 1.50e-06 2.56e-06
-16.05 1.40e-05 2.24e-06 1.56e-06 2.61e-06
-15.95 1.43e-05 2.29e-06 1.63e-06 2.66e-06
-15.85 1.46e-05 2.34e-06 1.69e-06 2.70e-06
-15.75 1.49e-05 2.38e-06 1.76e-06 2.74e-06
-15.65 1.51e-05 2.42e-06 1.82e-06 2.77e-06
-15.55 1.54e-05 2.46e-06 1.88e-06 2.80e-06
-15.45 1.56e-05 2.49e-06 1.94e-06 2.83e-06
-15.35 1.58e-05 2.52e-06 1.99e-06 2.85e-06
-15.25 1.59e-05 2.55e-06 2.04e-06 2.86e-06
-15.15 1.61e-05 2.57e-06 2.09e-06 2.87e-06
-15.05 1.62e-05 2.60e-06 2.14e-06 2.88e-06
