MF_x MF_y MF_y1 med spread
1.015e+02 0.000e+00 0.000e+00 0.000e+00 0.000e+00
1.241e+02 0.000e+00 0.000e+00 0.000e+00 0.000e+00
1.519e+02 0.000e+00 0.000e+00 0.000e+00 0.000e+00
1.858e+02 0.000e+00 0.000e+00 0.000e+00 0.000e+00
2.274e+02 9.745e-16 1.559e-16 5.190e-16 3.030e-15
2.782e+02 1.199e-11 1.918e-12 2.527e-11 7.578e-09
3.403e+02 8.141e-10 1.303e-10 1.533e-09 6.110e-08
4.164e+02 1.167e-08 1.867e-09 1.979e-08 1.231e-06
5.095e+02 1.340e-07 2.144e-08 2.298e-07 8.714e-06
6.234e+02 1.058e-06 1.692e-07 1.703e-06 2.924e-05
7.627e+02 5.234e-06 8.374e-07 7.722e-06 5.686e-05
9.332e+02 1.743e-05 2.788e-06 2.355e-05 7.966e-05
1.142e+03 4.253e-05 6.805e-06 5.311e-05 9.410e-05
1.397e+03 8.207e-05 1.313e-05 9.602e-05 1.048e-04
1.709e+03 1.334e-04 2.134e-05 1.485e-04 1.167e-04
2.091e+03 1.923e-04 3.076e-05 2.070e-04 1.310e-04
2.559e+03 2.564e-04 4.102e-05 2.707e-04 1.437e-04
3.131e+03 3.257e-04 5.210e-05 3.402e-04 1.478e-04
3.830e+03 4.003e-04 6.404e-05 4.149e-04 1.403e-04
4.686e+03 4.776e-04 7.642e-05 4.910e-04 1.207e-04
5.734e+03 5.518e-04 8.828e-05 5.614e-04 9.223e-05
7.015e+03 6.150e-04 9.839e-05 6.105e-04 6.213e-05
8.584e+03 6.598e-04 1.056e-04 6.426e-04 4.449e-05
1.050e+04 6.820e-04 1.091e-04 6.532e-04 4.808e-05
1.285e+04 6.816e-04 1.091e-04 6.648e-04 5.904e-05
1.572e+04 6.632e-04 1.061e-04 6.459e-04 6.948e-05
1.924e+04 6.334e-04 1.013e-04 6.171e-04 7.877e-05
2.354e+04 5.978e-04 9.564e-05 5.837e-04 8.595e-05
2.880e+04 5.588e-04 8.940e-05 5.467e-04 9.070e-05
3.523e+04 5.169e-04 8.270e-05 5.062e-04 9.324e-05
4.311e+04 4.723e-04 7.556e-05 4.625e-04 9.365e-05
5.274e+04 4.254e-04 6.806e-05 4.164e-04 9.178e-05
6.453e+04 3.772e-04 6.036e-05 3.692e-04 8.767e-05
7.895e+04 3.294e-04 5.270e-05 3.225e-04 8.156e-05
9.660e+04 2.833e-04 4.532e-05 2.778e-04 7.399e-05
1.182e+05 2.402e-04 3.843e-05 2.361e-04 6.553e-05
1.446e+05 2.010e-04 3.216e-05 1.983e-04 5.672e-05
1.769e+05 1.663e-04 2.660e-05 1.648e-04 4.800e-05
2.165e+05 1.360e-04 2.177e-05 1.356e-04 3.969e-05
2.649e+05 1.103e-04 1.764e-05 1.106e-04 3.197e-05
3.241e+05 8.869e-05 1.419e-05 8.957e-05 2.528e-05
3.965e+05 7.101e-05 1.136e-05 7.229e-05 1.971e-05
4.851e+05 5.674e-05 9.078e-06 5.824e-05 1.522e-05
5.936e+05 4.533e-05 7.253e-06 4.686e-05 1.170e-05
7.262e+05 3.621e-05 5.796e-06 3.765e-05 9.002e-06
8.886e+05 2.890e-05 4.629e-06 3.018e-05 6.953e-06
1.087e+06 2.301e-05 3.689e-06 2.409e-05 5.394e-06
1.330e+06 1.826e-05 2.931e-06 1.909e-05 4.194e-06
1.627e+06 1.441e-05 2.320e-06 1.505e-05 3.259e-06
1.991e+06 1.130e-05 1.827e-06 1.179e-05 2.521e-06
2.436e+06 8.804e-06 1.431e-06 9.172e-06 1.934e-06
2.981e+06 6.812e-06 1.116e-06 7.090e-06 1.466e-06
3.647e+06 5.232e-06 8.656e-07 5.445e-06 1.095e-06
4.462e+06 3.991e-06 6.686e-07 4.154e-06 8.036e-07
5.460e+06 3.024e-06 5.144e-07 3.154e-06 5.772e-07
6.680e+06 2.276e-06 3.942e-07 2.383e-06 4.045e-07
8.173e+06 1.703e-06 3.012e-07 1.791e-06 2.756e-07
1.000e+07 1.266e-06 2.294e-07 1.339e-06 1.818e-07
1.224e+07 9.365e-07 1.743e-07 9.963e-07 1.160e-07
1.497e+07 6.890e-07 1.321e-07 7.369e-07 7.232e-08
1.832e+07 5.045e-07 9.990e-08 5.444e-07 4.646e-08
2.241e+07 3.677e-07 7.538e-08 4.000e-07 3.451e-08
2.742e+07 2.669e-07 5.676e-08 2.909e-07 3.082e-08
3.355e+07 1.929e-07 4.266e-08 2.178e-07 2.978e-08
4.105e+07 1.390e-07 3.199e-08 1.626e-07 2.865e-08
5.022e+07 9.973e-08 2.395e-08 1.184e-07 2.683e-08
6.144e+07 7.134e-08 1.789e-08 8.557e-08 2.444e-08
7.518e+07 5.088e-08 1.333e-08 6.168e-08 2.175e-08
9.198e+07 3.618e-08 9.917e-09 4.435e-08 1.900e-08
1.125e+08 2.565e-08 7.362e-09 3.182e-08 1.635e-08
1.377e+08 1.815e-08 5.453e-09 2.278e-08 1.390e-08
1.685e+08 1.280e-08 4.031e-09 1.627e-08 1.171e-08
2.061e+08 9.014e-09 2.973e-09 1.161e-08 9.789e-09
2.522e+08 6.332e-09 2.184e-09 8.332e-09 8.132e-09
3.086e+08 4.439e-09 1.596e-09 5.970e-09 6.721e-09
3.775e+08 3.106e-09 1.162e-09 4.272e-09 5.532e-09
4.619e+08 2.169e-09 8.419e-10 3.052e-09 4.539e-09
5.652e+08 1.513e-09 6.077e-10 2.178e-09 3.713e-09
6.915e+08 1.053e-09 4.371e-10 1.552e-09 3.031e-09
8.461e+08 7.317e-10 3.134e-10 1.105e-09 2.469e-09
1.035e+09 5.077e-10 2.240e-10 7.855e-10 2.008e-09
1.267e+09 3.518e-10 1.596e-10 5.578e-10 1.631e-09
1.550e+09 2.435e-10 1.134e-10 3.958e-10 1.324e-09
1.896e+09 1.683e-10 8.042e-11 2.781e-10 1.073e-09
2.320e+09 1.161e-10 5.688e-11 1.951e-10 8.690e-10
2.838e+09 8.007e-11 4.014e-11 1.368e-10 7.033e-10
3.473e+09 5.514e-11 2.827e-11 9.575e-11 5.689e-10
4.249e+09 3.793e-11 1.987e-11 6.696e-11 4.600e-10
5.199e+09 2.606e-11 1.394e-11 4.677e-11 3.717e-10
6.361e+09 1.789e-11 9.765e-12 3.264e-11 3.003e-10
7.782e+09 1.227e-11 6.829e-12 2.275e-11 2.425e-10
9.522e+09 8.408e-12 4.769e-12 1.585e-11 1.958e-10
1.165e+10 5.756e-12 3.325e-12 1.103e-11 1.580e-10
1.425e+10 3.937e-12 2.316e-12 7.665e-12 1.275e-10
1.744e+10 2.691e-12 1.611e-12 5.324e-12 1.029e-10
2.134e+10 1.838e-12 1.119e-12 3.694e-12 8.295e-11
2.611e+10 1.254e-12 7.763e-13 2.562e-12 6.689e-11
3.194e+10 8.550e-13 5.381e-13 1.775e-12 5.393e-11
3.908e+10 5.826e-13 3.725e-13 1.229e-12 4.348e-11
4.782e+10 3.967e-13 2.577e-13 8.500e-13 3.505e-11
5.851e+10 2.699e-13 1.780e-13 5.876e-13 2.824e-11
7.158e+10 1.836e-13 1.229e-13 4.059e-13 2.276e-11
8.758e+10 1.247e-13 8.470e-14 2.802e-13 1.834e-11
1.072e+11 8.473e-14 5.834e-14 1.933e-13 1.477e-11
1.311e+11 5.751e-14 4.013e-14 1.333e-13 1.190e-11
1.604e+11 3.902e-14 2.758e-14 9.181e-14 9.586e-12
1.963e+11 2.646e-14 1.893e-14 6.321e-14 7.721e-12
2.401e+11 1.793e-14 1.298e-14 4.350e-14 6.218e-12
2.938e+11 1.214e-14 8.889e-15 2.991e-14 5.007e-12
3.595e+11 8.220e-15 6.082e-15 2.056e-14 4.032e-12
4.398e+11 5.565e-15 4.158e-15 1.412e-14 3.246e-12
5.382e+11 3.765e-15 2.839e-15 9.693e-15 2.613e-12
6.585e+11 2.546e-15 1.936e-15 6.652e-15 2.104e-12
8.056e+11 1.721e-15 1.320e-15 4.562e-15 1.693e-12
9.857e+11 1.163e-15 8.983e-16 3.129e-15 1.363e-12
