MF_x MF_y MF_y1 med spread
1.015e+02 0.000e+00 0.000e+00 0.000e+00 0.000e+00
1.241e+02 0.000e+00 0.000e+00 0.000e+00 0.000e+00
1.519e+02 0.000e+00 0.000e+00 0.000e+00 0.000e+00
1.858e+02 0.000e+00 0.000e+00 0.000e+00 0.000e+00
2.274e+02 5.685e-11 9.096e-12 2.572e-10 3.171e-10
2.782e+02 1.686e-08 2.698e-09 4.572e-08 5.827e-08
3.403e+02 1.752e-07 2.803e-08 4.400e-07 7.934e-07
4.164e+02 2.197e-06 3.515e-07 5.531e-06 8.447e-06
5.095e+02 1.491e-05 2.385e-06 3.217e-05 3.482e-05
6.234e+02 5.606e-05 8.969e-06 1.011e-04 7.020e-05
7.627e+02 1.329e-04 2.126e-05 2.015e-04 8.668e-05
9.332e+02 2.269e-04 3.630e-05 2.967e-04 7.927e-05
1.142e+03 3.132e-04 5.011e-05 3.687e-04 6.449e-05
1.397e+03 3.851e-04 6.161e-05 4.294e-04 5.966e-05
1.709e+03 4.556e-04 7.289e-05 5.021e-04 6.996e-05
2.091e+03 5.390e-04 8.623e-05 5.977e-04 8.260e-05
2.559e+03 6.345e-04 1.015e-04 6.975e-04 7.780e-05
3.131e+03 7.228e-04 1.156e-04 7.735e-04 5.584e-05
3.830e+03 7.826e-04 1.252e-04 8.015e-04 2.706e-05
4.686e+03 8.010e-04 1.282e-04 7.820e-04 3.074e-05
5.734e+03 7.757e-04 1.241e-04 7.315e-04 5.890e-05
7.015e+03 7.158e-04 1.145e-04 6.510e-04 7.585e-05
8.584e+03 6.399e-04 1.024e-04 5.726e-04 7.522e-05
1.050e+04 5.692e-04 9.107e-05 5.158e-04 5.944e-05
1.285e+04 5.171e-04 8.274e-05 4.809e-04 4.366e-05
1.572e+04 4.776e-04 7.642e-05 4.502e-04 3.853e-05
1.924e+04 4.365e-04 6.984e-05 4.078e-04 4.229e-05
2.354e+04 3.875e-04 6.200e-05 3.552e-04 4.483e-05
2.880e+04 3.337e-04 5.340e-05 3.002e-04 4.429e-05
3.523e+04 2.797e-04 4.475e-05 2.477e-04 4.117e-05
4.311e+04 2.289e-04 3.663e-05 2.004e-04 3.618e-05
5.274e+04 1.838e-04 2.940e-05 1.599e-04 3.019e-05
6.453e+04 1.455e-04 2.328e-05 1.265e-04 2.419e-05
7.895e+04 1.140e-04 1.824e-05 9.958e-05 1.870e-05
9.660e+04 8.863e-05 1.418e-05 7.794e-05 1.433e-05
1.182e+05 6.836e-05 1.094e-05 6.066e-05 1.072e-05
1.446e+05 5.235e-05 8.376e-06 4.695e-05 7.841e-06
1.769e+05 3.996e-05 6.393e-06 3.644e-05 5.481e-06
2.165e+05 3.076e-05 4.921e-06 2.891e-05 3.264e-06
2.649e+05 2.444e-05 3.911e-06 2.389e-05 1.996e-06
3.241e+05 1.995e-05 3.191e-06 1.978e-05 1.574e-06
3.965e+05 1.628e-05 2.605e-06 1.602e-05 1.388e-06
4.851e+05 1.308e-05 2.093e-06 1.267e-05 1.215e-06
5.936e+05 1.029e-05 1.647e-06 9.825e-06 1.024e-06
7.262e+05 7.938e-06 1.271e-06 7.504e-06 8.248e-07
8.886e+05 6.012e-06 9.628e-07 5.665e-06 6.302e-07
1.087e+06 4.483e-06 7.186e-07 4.238e-06 4.552e-07
1.330e+06 3.298e-06 5.296e-07 3.148e-06 3.099e-07
1.627e+06 2.400e-06 3.864e-07 2.326e-06 1.981e-07
1.991e+06 1.729e-06 2.796e-07 1.710e-06 1.194e-07
2.436e+06 1.236e-06 2.010e-07 1.256e-06 7.158e-08
2.981e+06 8.774e-07 1.437e-07 9.157e-07 5.116e-08
3.647e+06 6.190e-07 1.024e-07 6.673e-07 4.764e-08
4.462e+06 4.344e-07 7.277e-08 4.853e-07 4.793e-08
5.460e+06 3.034e-07 5.161e-08 3.540e-07 4.674e-08
6.680e+06 2.111e-07 3.656e-08 2.579e-07 4.357e-08
8.173e+06 1.463e-07 2.588e-08 1.877e-07 3.912e-08
1.000e+07 1.011e-07 1.831e-08 1.346e-07 3.412e-08
1.224e+07 6.963e-08 1.296e-08 9.666e-08 2.911e-08
1.497e+07 4.784e-08 9.173e-09 6.979e-08 2.442e-08
1.832e+07 3.280e-08 6.494e-09 5.019e-08 2.022e-08
2.241e+07 2.243e-08 4.599e-09 3.605e-08 1.658e-08
2.742e+07 1.532e-08 3.257e-09 2.587e-08 1.348e-08
3.355e+07 1.044e-08 2.308e-09 1.855e-08 1.089e-08
4.105e+07 7.102e-09 1.635e-09 1.329e-08 8.753e-09
5.022e+07 4.825e-09 1.158e-09 9.520e-09 7.006e-09
6.144e+07 3.273e-09 8.206e-10 6.813e-09 5.589e-09
7.518e+07 2.218e-09 5.811e-10 4.873e-09 4.447e-09
9.198e+07 1.501e-09 4.115e-10 3.484e-09 3.529e-09
1.125e+08 1.015e-09 2.912e-10 2.490e-09 2.796e-09
1.377e+08 6.853e-10 2.059e-10 1.778e-09 2.211e-09
1.685e+08 4.624e-10 1.456e-10 1.270e-09 1.747e-09
2.061e+08 3.117e-10 1.028e-10 9.060e-10 1.378e-09
2.522e+08 2.099e-10 7.241e-11 6.464e-10 1.086e-09
3.086e+08 1.413e-10 5.081e-11 4.610e-10 8.550e-10
3.775e+08 9.502e-11 3.554e-11 3.286e-10 6.727e-10
4.619e+08 6.386e-11 2.478e-11 2.342e-10 5.290e-10
5.652e+08 4.289e-11 1.723e-11 1.669e-10 4.157e-10
6.915e+08 2.879e-11 1.195e-11 1.189e-10 3.265e-10
8.461e+08 1.931e-11 8.271e-12 8.465e-11 2.564e-10
1.035e+09 1.295e-11 5.711e-12 6.027e-11 2.012e-10
1.267e+09 8.675e-12 3.936e-12 4.290e-11 1.579e-10
1.550e+09 5.810e-12 2.707e-12 3.052e-11 1.239e-10
1.896e+09 3.890e-12 1.859e-12 2.172e-11 9.716e-11
2.320e+09 2.603e-12 1.275e-12 1.545e-11 7.619e-11
2.838e+09 1.741e-12 8.727e-13 1.099e-11 5.974e-11
3.473e+09 1.164e-12 5.967e-13 7.812e-12 4.683e-11
4.249e+09 7.778e-13 4.075e-13 5.553e-12 3.671e-11
5.199e+09 5.196e-13 2.779e-13 3.947e-12 2.878e-11
6.361e+09 3.470e-13 1.894e-13 2.805e-12 2.256e-11
7.782e+09 2.316e-13 1.289e-13 1.993e-12 1.768e-11
9.522e+09 1.546e-13 8.767e-14 1.416e-12 1.386e-11
1.165e+10 1.031e-13 5.958e-14 1.006e-12 1.086e-11
1.425e+10 6.877e-14 4.045e-14 7.146e-13 8.516e-12
1.744e+10 4.586e-14 2.745e-14 5.075e-13 6.676e-12
2.134e+10 3.056e-14 1.861e-14 3.604e-13 5.233e-12
2.611e+10 2.036e-14 1.261e-14 2.558e-13 4.103e-12
3.194e+10 1.357e-14 8.540e-15 1.816e-13 3.217e-12
3.908e+10 9.035e-15 5.778e-15 1.289e-13 2.522e-12
4.782e+10 6.015e-15 3.907e-15 9.150e-14 1.978e-12
5.851e+10 4.005e-15 2.642e-15 6.495e-14 1.551e-12
7.158e+10 2.666e-15 1.784e-15 4.608e-14 1.216e-12
8.758e+10 1.773e-15 1.204e-15 3.270e-14 9.538e-13
1.072e+11 1.181e-15 8.128e-16 2.320e-14 7.481e-13
1.311e+11 7.851e-16 5.478e-16 1.646e-14 5.868e-13
1.604e+11 5.225e-16 3.693e-16 1.168e-14 4.603e-13
1.963e+11 3.481e-16 2.491e-16 8.284e-15 3.611e-13
2.401e+11 2.320e-16 1.680e-16 5.864e-15 2.833e-13
2.938e+11 1.545e-16 1.131e-16 4.165e-15 2.223e-13
3.595e+11 1.031e-16 7.627e-17 2.943e-15 1.745e-13
4.398e+11 6.939e-17 5.185e-17 2.099e-15 1.369e-13
5.382e+11 4.650e-17 3.507e-17 1.486e-15 1.074e-13
6.585e+11 3.108e-17 2.364e-17 1.061e-15 8.433e-14
8.056e+11 2.099e-17 1.609e-17 7.476e-16 6.620e-14
9.857e+11 1.426e-17 1.102e-17 5.348e-16 5.196e-14
