MF_x MF_y MF_y1 med spread
1.015e+02 0.000e+00 0.000e+00 0.000e+00 0.000e+00
1.241e+02 0.000e+00 0.000e+00 0.000e+00 0.000e+00
1.519e+02 0.000e+00 0.000e+00 0.000e+00 0.000e+00
1.858e+02 0.000e+00 0.000e+00 0.000e+00 0.000e+00
2.274e+02 3.938e-22 6.301e-23 8.500e-23 7.613e-21
2.782e+02 9.281e-17 1.485e-17 2.632e-16 9.302e-10
3.403e+02 8.254e-14 1.321e-14 5.404e-13 2.207e-08
4.164e+02 5.860e-12 9.377e-13 3.214e-11 3.939e-07
5.095e+02 1.232e-10 1.971e-11 5.759e-10 3.645e-06
6.234e+02 1.637e-09 2.619e-10 7.302e-09 1.582e-05
7.627e+02 1.626e-08 2.602e-09 6.606e-08 3.832e-05
9.332e+02 1.136e-07 1.818e-08 3.982e-07 6.290e-05
1.142e+03 5.611e-07 8.978e-08 1.667e-06 8.263e-05
1.397e+03 2.053e-06 3.285e-07 5.181e-06 9.874e-05
1.709e+03 5.866e-06 9.386e-07 1.272e-05 1.167e-04
2.091e+03 1.372e-05 2.195e-06 2.598e-05 1.392e-04
2.559e+03 2.733e-05 4.373e-06 4.608e-05 1.644e-04
3.131e+03 4.796e-05 7.673e-06 7.342e-05 1.852e-04
3.830e+03 7.619e-05 1.219e-05 1.080e-04 1.967e-04
4.686e+03 1.121e-04 1.794e-05 1.497e-04 1.965e-04
5.734e+03 1.554e-04 2.487e-05 1.982e-04 1.849e-04
7.015e+03 2.057e-04 3.291e-05 2.526e-04 1.638e-04
8.584e+03 2.617e-04 4.188e-05 3.112e-04 1.373e-04
1.050e+04 3.218e-04 5.149e-05 3.712e-04 1.099e-04
1.285e+04 3.831e-04 6.129e-05 4.289e-04 8.477e-05
1.572e+04 4.421e-04 7.073e-05 4.674e-04 6.278e-05
1.924e+04 4.950e-04 7.920e-05 4.945e-04 4.741e-05
2.354e+04 5.387e-04 8.619e-05 5.311e-04 4.751e-05
2.880e+04 5.709e-04 9.134e-05 5.653e-04 6.197e-05
3.523e+04 5.909e-04 9.455e-05 5.807e-04 8.076e-05
4.311e+04 5.991e-04 9.585e-05 5.849e-04 9.841e-05
5.274e+04 5.965e-04 9.544e-05 5.756e-04 1.128e-04
6.453e+04 5.845e-04 9.352e-05 5.587e-04 1.232e-04
7.895e+04 5.645e-04 9.032e-05 5.351e-04 1.295e-04
9.660e+04 5.378e-04 8.605e-05 5.060e-04 1.321e-04
1.182e+05 5.058e-04 8.093e-05 4.725e-04 1.313e-04
1.446e+05 4.697e-04 7.515e-05 4.358e-04 1.277e-04
1.769e+05 4.308e-04 6.893e-05 3.973e-04 1.216e-04
2.165e+05 3.904e-04 6.246e-05 3.580e-04 1.137e-04
2.649e+05 3.495e-04 5.592e-05 3.190e-04 1.043e-04
3.241e+05 3.094e-04 4.951e-05 2.814e-04 9.411e-05
3.965e+05 2.709e-04 4.334e-05 2.457e-04 8.367e-05
4.851e+05 2.347e-04 3.756e-05 2.125e-04 7.337e-05
5.936e+05 2.014e-04 3.222e-05 1.823e-04 6.348e-05
7.262e+05 1.712e-04 2.740e-05 1.551e-04 5.424e-05
8.886e+05 1.443e-04 2.311e-05 1.311e-04 4.582e-05
1.087e+06 1.208e-04 1.936e-05 1.101e-04 3.829e-05
1.330e+06 1.004e-04 1.613e-05 9.195e-05 3.170e-05
1.627e+06 8.301e-05 1.336e-05 7.638e-05 2.603e-05
1.991e+06 6.826e-05 1.103e-05 6.304e-05 2.121e-05
2.436e+06 5.586e-05 9.081e-06 5.152e-05 1.718e-05
2.981e+06 4.552e-05 7.456e-06 4.201e-05 1.383e-05
3.647e+06 3.693e-05 6.109e-06 3.418e-05 1.108e-05
4.462e+06 2.984e-05 4.998e-06 2.769e-05 8.825e-06
5.460e+06 2.400e-05 4.083e-06 2.234e-05 6.991e-06
6.680e+06 1.923e-05 3.331e-06 1.795e-05 5.507e-06
8.173e+06 1.534e-05 2.713e-06 1.436e-05 4.311e-06
1.000e+07 1.218e-05 2.207e-06 1.144e-05 3.352e-06
1.224e+07 9.628e-06 1.792e-06 9.073e-06 2.588e-06
1.497e+07 7.576e-06 1.452e-06 7.166e-06 1.982e-06
1.832e+07 5.934e-06 1.175e-06 5.636e-06 1.504e-06
2.241e+07 4.626e-06 9.484e-07 4.415e-06 1.131e-06
2.742e+07 3.591e-06 7.636e-07 3.444e-06 8.421e-07
3.355e+07 2.774e-06 6.134e-07 2.661e-06 6.197e-07
4.105e+07 2.134e-06 4.914e-07 2.030e-06 4.503e-07
5.022e+07 1.635e-06 3.925e-07 1.551e-06 3.228e-07
6.144e+07 1.247e-06 3.125e-07 1.181e-06 2.279e-07
7.518e+07 9.469e-07 2.481e-07 8.947e-07 1.584e-07
9.198e+07 7.163e-07 1.964e-07 6.762e-07 1.084e-07
1.125e+08 5.398e-07 1.549e-07 5.163e-07 7.355e-08
1.377e+08 4.053e-07 1.218e-07 3.922e-07 5.031e-08
1.685e+08 3.032e-07 9.545e-08 2.911e-07 3.602e-08
2.061e+08 2.260e-07 7.455e-08 2.208e-07 2.820e-08
2.522e+08 1.679e-07 5.792e-08 1.669e-07 2.437e-08
3.086e+08 1.244e-07 4.472e-08 1.297e-07 2.237e-08
3.775e+08 9.182e-08 3.434e-08 9.857e-08 2.092e-08
4.619e+08 6.758e-08 2.623e-08 7.422e-08 1.950e-08
5.652e+08 4.960e-08 1.993e-08 5.577e-08 1.797e-08
6.915e+08 3.631e-08 1.508e-08 4.153e-08 1.635e-08
8.461e+08 2.650e-08 1.135e-08 3.072e-08 1.469e-08
1.035e+09 1.930e-08 8.513e-09 2.268e-08 1.307e-08
1.267e+09 1.402e-08 6.359e-09 1.670e-08 1.153e-08
1.550e+09 1.016e-08 4.733e-09 1.227e-08 1.009e-08
1.896e+09 7.344e-09 3.510e-09 9.002e-09 8.783e-09
2.320e+09 5.298e-09 2.595e-09 6.589e-09 7.605e-09
2.838e+09 3.814e-09 1.912e-09 4.814e-09 6.558e-09
3.473e+09 2.740e-09 1.405e-09 3.510e-09 5.635e-09
4.249e+09 1.965e-09 1.029e-09 2.555e-09 4.828e-09
5.199e+09 1.406e-09 7.521e-10 1.857e-09 4.127e-09
6.361e+09 1.004e-09 5.482e-10 1.347e-09 3.521e-09
7.782e+09 7.162e-10 3.986e-10 9.754e-10 2.998e-09
9.522e+09 5.099e-10 2.892e-10 7.053e-10 2.550e-09
1.165e+10 3.624e-10 2.094e-10 5.092e-10 2.166e-09
1.425e+10 2.572e-10 1.513e-10 3.671e-10 1.838e-09
1.744e+10 1.822e-10 1.091e-10 2.643e-10 1.559e-09
2.134e+10 1.289e-10 7.850e-11 1.900e-10 1.321e-09
2.611e+10 9.108e-11 5.639e-11 1.364e-10 1.119e-09
3.194e+10 6.426e-11 4.044e-11 9.778e-11 9.473e-10
3.908e+10 4.528e-11 2.895e-11 7.002e-11 8.018e-10
4.782e+10 3.186e-11 2.069e-11 5.008e-11 6.783e-10
5.851e+10 2.239e-11 1.477e-11 3.577e-11 5.738e-10
7.158e+10 1.572e-11 1.052e-11 2.552e-11 4.852e-10
8.758e+10 1.102e-11 7.483e-12 1.819e-11 4.103e-10
1.072e+11 7.718e-12 5.314e-12 1.295e-11 3.469e-10
1.311e+11 5.399e-12 3.767e-12 9.210e-12 2.933e-10
1.604e+11 3.773e-12 2.667e-12 6.544e-12 2.479e-10
1.963e+11 2.634e-12 1.885e-12 4.644e-12 2.096e-10
2.401e+11 1.837e-12 1.330e-12 3.293e-12 1.772e-10
2.938e+11 1.280e-12 9.368e-13 2.333e-12 1.497e-10
3.595e+11 8.906e-13 6.589e-13 1.651e-12 1.266e-10
4.398e+11 6.193e-13 4.628e-13 1.168e-12 1.070e-10
5.382e+11 4.303e-13 3.245e-13 8.253e-13 9.044e-11
6.585e+11 2.987e-13 2.272e-13 5.827e-13 7.645e-11
8.056e+11 2.072e-13 1.588e-13 4.111e-13 6.462e-11
9.857e+11 1.436e-13 1.109e-13 2.898e-13 5.463e-11
