MF_x MF_y MF_y1 med spread
1.010e+02 0.000e+00 0.000e+00 0.000e+00 0.000e+00
1.218e+02 0.000e+00 0.000e+00 0.000e+00 0.000e+00
1.468e+02 0.000e+00 0.000e+00 0.000e+00 0.000e+00
1.769e+02 0.000e+00 0.000e+00 0.000e+00 0.000e+00
2.132e+02 0.000e+00 0.000e+00 0.000e+00 0.000e+00
2.570e+02 0.000e+00 0.000e+00 0.000e+00 0.000e+00
3.097e+02 8.553e-24 1.369e-24 3.878e-24 2.513e-24
3.733e+02 5.856e-19 9.369e-20 3.294e-19 1.668e-19
4.499e+02 5.542e-16 8.867e-17 3.527e-16 1.533e-16
5.423e+02 5.550e-14 8.880e-15 3.813e-14 1.470e-14
6.536e+02 1.598e-12 2.556e-13 1.161e-12 4.049e-13
7.878e+02 2.349e-11 3.758e-12 1.761e-11 5.739e-12
9.495e+02 2.495e-10 3.992e-11 1.907e-10 5.948e-11
1.144e+03 2.079e-09 3.326e-10 1.620e-09 4.834e-10
1.379e+03 1.312e-08 2.100e-09 1.045e-08 2.951e-09
1.662e+03 6.273e-08 1.004e-08 5.115e-08 1.353e-08
2.004e+03 2.376e-07 3.801e-08 1.979e-07 4.902e-08
2.415e+03 7.325e-07 1.172e-07 6.220e-07 1.440e-07
2.910e+03 1.886e-06 3.017e-07 1.630e-06 3.512e-07
3.508e+03 4.201e-06 6.721e-07 3.698e-06 7.397e-07
4.228e+03 8.278e-06 1.324e-06 7.408e-06 1.374e-06
5.096e+03 1.478e-05 2.365e-06 1.342e-05 2.311e-06
6.142e+03 2.430e-05 3.889e-06 2.233e-05 3.574e-06
7.402e+03 3.739e-05 5.982e-06 3.470e-05 5.169e-06
8.922e+03 5.436e-05 8.698e-06 5.092e-05 7.058e-06
1.075e+04 7.546e-05 1.207e-05 7.122e-05 9.194e-06
1.296e+04 1.009e-04 1.614e-05 9.584e-05 1.155e-05
1.562e+04 1.306e-04 2.090e-05 1.248e-04 1.404e-05
1.883e+04 1.640e-04 2.623e-05 1.575e-04 1.649e-05
2.269e+04 2.004e-04 3.207e-05 1.935e-04 1.880e-05
2.735e+04 2.388e-04 3.821e-05 2.316e-04 2.077e-05
3.296e+04 2.779e-04 4.446e-05 2.707e-04 2.227e-05
3.973e+04 3.162e-04 5.059e-05 3.091e-04 2.313e-05
4.788e+04 3.524e-04 5.638e-05 3.458e-04 2.329e-05
5.771e+04 3.852e-04 6.163e-05 3.793e-04 2.272e-05
6.956e+04 4.137e-04 6.619e-05 4.089e-04 2.144e-05
8.383e+04 4.371e-04 6.994e-05 4.335e-04 1.954e-05
1.010e+05 4.554e-04 7.286e-05 4.529e-04 1.714e-05
1.218e+05 4.682e-04 7.492e-05 4.668e-04 1.438e-05
1.468e+05 4.757e-04 7.611e-05 4.753e-04 1.134e-05
1.769e+05 4.779e-04 7.647e-05 4.786e-04 8.166e-06
2.132e+05 4.752e-04 7.604e-05 4.769e-04 5.022e-06
2.570e+05 4.680e-04 7.488e-05 4.703e-04 2.414e-06
3.097e+05 4.567e-04 7.308e-05 4.592e-04 2.762e-06
3.733e+05 4.418e-04 7.069e-05 4.449e-04 5.271e-06
4.499e+05 4.241e-04 6.786e-05 4.278e-04 7.849e-06
5.423e+05 4.039e-04 6.463e-05 4.080e-04 1.021e-05
6.536e+05 3.820e-04 6.112e-05 3.863e-04 1.227e-05
7.878e+05 3.589e-04 5.743e-05 3.633e-04 1.397e-05
9.495e+05 3.352e-04 5.363e-05 3.395e-04 1.531e-05
1.144e+06 3.112e-04 4.978e-05 3.153e-04 1.630e-05
1.379e+06 2.875e-04 4.600e-05 2.914e-04 1.693e-05
1.662e+06 2.645e-04 4.231e-05 2.681e-04 1.723e-05
2.004e+06 2.423e-04 3.877e-05 2.455e-04 1.723e-05
2.415e+06 2.212e-04 3.540e-05 2.241e-04 1.700e-05
2.910e+06 2.014e-04 3.224e-05 2.039e-04 1.654e-05
3.508e+06 1.828e-04 2.929e-05 1.850e-04 1.589e-05
4.228e+06 1.657e-04 2.657e-05 1.676e-04 1.510e-05
5.096e+06 1.498e-04 2.407e-05 1.515e-04 1.422e-05
6.142e+06 1.353e-04 2.180e-05 1.368e-04 1.326e-05
7.402e+06 1.221e-04 1.974e-05 1.232e-04 1.227e-05
8.922e+06 1.100e-04 1.789e-05 1.109e-04 1.125e-05
1.075e+07 9.908e-05 1.623e-05 9.985e-05 1.023e-05
1.296e+07 8.918e-05 1.476e-05 8.998e-05 9.224e-06
1.562e+07 8.028e-05 1.345e-05 8.107e-05 8.246e-06
1.883e+07 7.221e-05 1.228e-05 7.309e-05 7.310e-06
2.269e+07 6.493e-05 1.125e-05 6.567e-05 6.425e-06
2.735e+07 5.838e-05 1.033e-05 5.909e-05 5.591e-06
3.296e+07 5.248e-05 9.526e-06 5.307e-05 4.825e-06
3.973e+07 4.716e-05 8.809e-06 4.784e-05 4.123e-06
4.788e+07 4.240e-05 8.179e-06 4.314e-05 3.486e-06
5.771e+07 3.807e-05 7.611e-06 3.895e-05 2.936e-06
6.956e+07 3.414e-05 7.099e-06 3.502e-05 2.475e-06
8.383e+07 3.059e-05 6.637e-06 3.144e-05 2.112e-06
1.010e+08 2.737e-05 6.217e-06 2.816e-05 1.851e-06
1.218e+08 2.446e-05 5.830e-06 2.542e-05 1.697e-06
1.468e+08 2.182e-05 5.474e-06 2.278e-05 1.635e-06
1.769e+08 1.940e-05 5.134e-06 2.045e-05 1.636e-06
2.132e+08 1.719e-05 4.808e-06 1.835e-05 1.666e-06
2.570e+08 1.518e-05 4.474e-06 1.634e-05 1.702e-06
3.097e+08 1.334e-05 4.129e-06 1.451e-05 1.721e-06
3.733e+08 1.166e-05 3.778e-06 1.275e-05 1.713e-06
4.499e+08 1.014e-05 3.429e-06 1.118e-05 1.673e-06
5.423e+08 8.750e-06 3.080e-06 9.611e-06 1.590e-06
6.536e+08 7.490e-06 2.737e-06 8.237e-06 1.469e-06
7.878e+08 6.353e-06 2.405e-06 6.968e-06 1.319e-06
9.495e+08 5.335e-06 2.089e-06 5.792e-06 1.150e-06
1.144e+09 4.429e-06 1.790e-06 4.717e-06 9.686e-07
1.379e+09 3.631e-06 1.512e-06 3.824e-06 7.876e-07
1.662e+09 2.937e-06 1.258e-06 3.034e-06 6.175e-07
2.004e+09 2.336e-06 1.029e-06 2.341e-06 4.671e-07
2.415e+09 1.828e-06 8.257e-07 1.740e-06 3.441e-07
2.910e+09 1.403e-06 6.495e-07 1.268e-06 2.501e-07
3.508e+09 1.055e-06 5.003e-07 9.053e-07 1.832e-07
4.228e+09 7.758e-07 3.762e-07 6.291e-07 1.365e-07
5.096e+09 5.568e-07 2.759e-07 4.269e-07 1.024e-07
6.142e+09 3.892e-07 1.969e-07 2.835e-07 7.562e-08
7.402e+09 2.646e-07 1.366e-07 1.761e-07 5.397e-08
8.922e+09 1.746e-07 9.189e-08 1.072e-07 3.693e-08
1.075e+10 1.115e-07 5.983e-08 6.454e-08 2.417e-08
1.296e+10 6.903e-08 3.772e-08 3.775e-08 1.523e-08
1.562e+10 4.137e-08 2.301e-08 2.225e-08 9.288e-09
1.883e+10 2.395e-08 1.355e-08 1.296e-08 5.448e-09
2.269e+10 1.342e-08 7.721e-09 7.386e-09 3.086e-09
2.735e+10 7.285e-09 4.262e-09 4.231e-09 1.702e-09
3.296e+10 3.843e-09 2.285e-09 2.389e-09 8.979e-10
3.973e+10 1.975e-09 1.193e-09 1.321e-09 4.621e-10
4.788e+10 9.916e-10 6.084e-10 7.153e-10 2.292e-10
5.771e+10 4.872e-10 3.035e-10 3.750e-10 1.100e-10
6.956e+10 2.352e-10 1.487e-10 1.908e-10 5.101e-11
8.383e+10 1.114e-10 7.147e-11 9.403e-11 2.281e-11
