MF_x MF_y MF_y1 med spread
1.015e+02 0.000e+00 0.000e+00 0.000e+00 0.000e+00
1.241e+02 0.000e+00 0.000e+00 0.000e+00 0.000e+00
1.519e+02 0.000e+00 0.000e+00 0.000e+00 0.000e+00
1.858e+02 0.000e+00 0.000e+00 0.000e+00 0.000e+00
2.274e+02 2.389e-18 3.822e-19 1.586e-19 6.069e-17
2.782e+02 1.098e-13 1.756e-14 1.099e-12 4.371e-09
3.403e+02 2.296e-11 3.673e-12 2.067e-10 4.556e-08
4.164e+02 5.749e-10 9.199e-11 3.627e-09 8.875e-07
5.095e+02 7.567e-09 1.211e-09 4.725e-08 6.605e-06
6.234e+02 7.789e-08 1.246e-08 4.258e-07 2.337e-05
7.627e+02 5.412e-07 8.659e-08 2.337e-06 4.787e-05
9.332e+02 2.519e-06 4.030e-07 8.406e-06 6.986e-05
1.142e+03 8.364e-06 1.338e-06 2.194e-05 8.509e-05
1.397e+03 2.121e-05 3.394e-06 4.517e-05 9.780e-05
1.709e+03 4.359e-05 6.975e-06 7.824e-05 1.134e-04
2.091e+03 7.628e-05 1.220e-05 1.199e-04 1.325e-04
2.559e+03 1.184e-04 1.894e-05 1.690e-04 1.507e-04
3.131e+03 1.685e-04 2.696e-05 2.248e-04 1.614e-04
3.830e+03 2.256e-04 3.610e-05 2.872e-04 1.618e-04
4.686e+03 2.891e-04 4.625e-05 3.545e-04 1.511e-04
5.734e+03 3.573e-04 5.717e-05 4.236e-04 1.314e-04
7.015e+03 4.275e-04 6.840e-05 4.893e-04 1.063e-04
8.584e+03 4.949e-04 7.918e-05 5.383e-04 8.105e-05
1.050e+04 5.540e-04 8.865e-05 5.440e-04 6.015e-05
1.285e+04 5.999e-04 9.598e-05 5.825e-04 4.626e-05
1.572e+04 6.291e-04 1.007e-04 6.025e-04 4.426e-05
1.924e+04 6.414e-04 1.026e-04 6.126e-04 5.514e-05
2.354e+04 6.386e-04 1.022e-04 6.106e-04 7.040e-05
2.880e+04 6.239e-04 9.982e-05 5.904e-04 8.411e-05
3.523e+04 6.003e-04 9.604e-05 5.627e-04 9.462e-05
4.311e+04 5.700e-04 9.120e-05 5.297e-04 1.017e-04
5.274e+04 5.345e-04 8.552e-05 4.924e-04 1.055e-04
6.453e+04 4.949e-04 7.919e-05 4.518e-04 1.063e-04
7.895e+04 4.522e-04 7.236e-05 4.090e-04 1.042e-04
9.660e+04 4.077e-04 6.524e-05 3.655e-04 9.983e-05
1.182e+05 3.627e-04 5.802e-05 3.225e-04 9.357e-05
1.446e+05 3.183e-04 5.093e-05 2.812e-04 8.589e-05
1.769e+05 2.758e-04 4.414e-05 2.424e-04 7.725e-05
2.165e+05 2.362e-04 3.779e-05 2.067e-04 6.810e-05
2.649e+05 1.999e-04 3.199e-05 1.746e-04 5.878e-05
3.241e+05 1.675e-04 2.679e-05 1.462e-04 4.989e-05
3.965e+05 1.389e-04 2.223e-05 1.215e-04 4.171e-05
4.851e+05 1.143e-04 1.830e-05 1.004e-04 3.438e-05
5.936e+05 9.348e-05 1.496e-05 8.253e-05 2.798e-05
7.262e+05 7.603e-05 1.217e-05 6.758e-05 2.254e-05
8.886e+05 6.160e-05 9.865e-06 5.514e-05 1.801e-05
1.087e+06 4.974e-05 7.974e-06 4.483e-05 1.430e-05
1.330e+06 4.005e-05 6.431e-06 3.632e-05 1.131e-05
1.627e+06 3.215e-05 5.176e-06 2.931e-05 8.907e-06
1.991e+06 2.572e-05 4.157e-06 2.355e-05 6.993e-06
2.436e+06 2.049e-05 3.331e-06 1.884e-05 5.469e-06
2.981e+06 1.625e-05 2.662e-06 1.500e-05 4.257e-06
3.647e+06 1.283e-05 2.123e-06 1.189e-05 3.293e-06
4.462e+06 1.008e-05 1.688e-06 9.379e-06 2.530e-06
5.460e+06 7.870e-06 1.339e-06 7.388e-06 1.926e-06
6.680e+06 6.114e-06 1.059e-06 5.794e-06 1.452e-06
8.173e+06 4.723e-06 8.354e-07 4.525e-06 1.082e-06
1.000e+07 3.628e-06 6.573e-07 3.519e-06 7.958e-07
1.224e+07 2.772e-06 5.160e-07 2.727e-06 5.770e-07
1.497e+07 2.107e-06 4.039e-07 2.114e-06 4.118e-07
1.832e+07 1.593e-06 3.154e-07 1.640e-06 2.890e-07
2.241e+07 1.199e-06 2.457e-07 1.274e-06 1.992e-07
2.742e+07 8.975e-07 1.909e-07 9.825e-07 1.352e-07
3.355e+07 6.690e-07 1.479e-07 7.412e-07 9.089e-08
4.105e+07 4.965e-07 1.143e-07 5.544e-07 6.178e-08
5.022e+07 3.670e-07 8.811e-08 4.046e-07 4.405e-08
6.144e+07 2.702e-07 6.773e-08 2.989e-07 3.425e-08
7.518e+07 1.982e-07 5.192e-08 2.242e-07 2.910e-08
9.198e+07 1.448e-07 3.970e-08 1.696e-07 2.601e-08
1.125e+08 1.055e-07 3.027e-08 1.278e-07 2.357e-08
1.377e+08 7.658e-08 2.301e-08 9.426e-08 2.124e-08
1.685e+08 5.543e-08 1.745e-08 6.937e-08 1.890e-08
2.061e+08 4.000e-08 1.319e-08 5.094e-08 1.659e-08
2.522e+08 2.879e-08 9.929e-09 3.732e-08 1.437e-08
3.086e+08 2.066e-08 7.431e-09 2.729e-08 1.232e-08
3.775e+08 1.479e-08 5.533e-09 1.991e-08 1.046e-08
4.619e+08 1.057e-08 4.101e-09 1.451e-08 8.811e-09
5.652e+08 7.530e-09 3.026e-09 1.055e-08 7.373e-09
6.915e+08 5.355e-09 2.223e-09 7.691e-09 6.137e-09
8.461e+08 3.800e-09 1.627e-09 5.618e-09 5.085e-09
1.035e+09 2.691e-09 1.187e-09 4.098e-09 4.199e-09
1.267e+09 1.902e-09 8.628e-10 2.986e-09 3.457e-09
1.550e+09 1.342e-09 6.252e-10 2.173e-09 2.840e-09
1.896e+09 9.451e-10 4.517e-10 1.579e-09 2.328e-09
2.320e+09 6.646e-10 3.255e-10 1.146e-09 1.906e-09
2.838e+09 4.665e-10 2.339e-10 8.312e-10 1.559e-09
3.473e+09 3.270e-10 1.677e-10 6.021e-10 1.274e-09
4.249e+09 2.289e-10 1.199e-10 4.358e-10 1.041e-09
5.199e+09 1.600e-10 8.557e-11 3.150e-10 8.497e-10
6.361e+09 1.117e-10 6.094e-11 2.276e-10 6.935e-10
7.782e+09 7.783e-11 4.332e-11 1.642e-10 5.659e-10
9.522e+09 5.418e-11 3.073e-11 1.184e-10 4.618e-10
1.165e+10 3.768e-11 2.177e-11 8.531e-11 3.768e-10
1.425e+10 2.617e-11 1.539e-11 6.141e-11 3.074e-10
1.744e+10 1.815e-11 1.087e-11 4.417e-11 2.508e-10
2.134e+10 1.258e-11 7.660e-12 3.175e-11 2.047e-10
2.611e+10 8.709e-12 5.392e-12 2.280e-11 1.670e-10
3.194e+10 6.023e-12 3.790e-12 1.637e-11 1.363e-10
3.908e+10 4.161e-12 2.661e-12 1.174e-11 1.112e-10
4.782e+10 2.872e-12 1.866e-12 8.413e-12 9.077e-11
5.851e+10 1.981e-12 1.306e-12 6.026e-12 7.408e-11
7.158e+10 1.365e-12 9.134e-13 4.313e-12 6.046e-11
8.758e+10 9.395e-13 6.379e-13 3.085e-12 4.934e-11
1.072e+11 6.462e-13 4.449e-13 2.205e-12 4.027e-11
1.311e+11 4.441e-13 3.099e-13 1.576e-12 3.286e-11
1.604e+11 3.050e-13 2.156e-13 1.125e-12 2.682e-11
1.963e+11 2.093e-13 1.498e-13 8.027e-13 2.189e-11
2.401e+11 1.435e-13 1.039e-13 5.725e-13 1.786e-11
2.938e+11 9.835e-14 7.200e-14 4.080e-13 1.458e-11
3.595e+11 6.734e-14 4.982e-14 2.906e-13 1.189e-11
4.398e+11 4.609e-14 3.444e-14 2.069e-13 9.704e-12
5.382e+11 3.152e-14 2.377e-14 1.472e-13 7.918e-12
6.585e+11 2.154e-14 1.638e-14 1.047e-13 6.460e-12
8.056e+11 1.471e-14 1.128e-14 7.442e-14 5.270e-12
9.857e+11 1.004e-14 7.757e-15 5.286e-14 4.299e-12
