M phi_tot phi_unobs phi_low phi_up
1.01e+02 0.00e+00 0.00e+00 nan nan
1.03e+02 0.00e+00 0.00e+00 nan nan
1.05e+02 0.00e+00 0.00e+00 nan nan
1.08e+02 0.00e+00 0.00e+00 nan nan
1.10e+02 0.00e+00 0.00e+00 nan nan
1.12e+02 0.00e+00 0.00e+00 nan nan
1.14e+02 0.00e+00 0.00e+00 nan nan
1.17e+02 0.00e+00 0.00e+00 nan nan
1.19e+02 0.00e+00 0.00e+00 nan nan
1.22e+02 0.00e+00 0.00e+00 nan nan
1.24e+02 0.00e+00 0.00e+00 nan nan
1.27e+02 0.00e+00 0.00e+00 nan nan
1.30e+02 0.00e+00 0.00e+00 nan nan
1.32e+02 0.00e+00 0.00e+00 nan nan
1.35e+02 0.00e+00 0.00e+00 nan nan
1.38e+02 0.00e+00 0.00e+00 nan nan
1.41e+02 0.00e+00 0.00e+00 nan nan
1.44e+02 0.00e+00 0.00e+00 nan nan
1.47e+02 0.00e+00 0.00e+00 nan nan
1.50e+02 0.00e+00 0.00e+00 nan nan
1.53e+02 0.00e+00 0.00e+00 nan nan
1.56e+02 0.00e+00 0.00e+00 nan nan
1.60e+02 0.00e+00 0.00e+00 nan nan
1.63e+02 0.00e+00 0.00e+00 nan nan
1.66e+02 0.00e+00 0.00e+00 nan nan
1.70e+02 0.00e+00 0.00e+00 nan nan
1.73e+02 0.00e+00 0.00e+00 nan nan
1.77e+02 0.00e+00 0.00e+00 nan nan
1.81e+02 0.00e+00 0.00e+00 nan nan
1.84e+02 0.00e+00 0.00e+00 nan nan
1.88e+02 0.00e+00 0.00e+00 nan nan
1.92e+02 0.00e+00 0.00e+00 nan nan
1.96e+02 0.00e+00 0.00e+00 nan nan
2.00e+02 0.00e+00 0.00e+00 nan nan
2.05e+02 0.00e+00 0.00e+00 nan nan
2.09e+02 0.00e+00 0.00e+00 nan nan
2.13e+02 0.00e+00 0.00e+00 nan nan
2.18e+02 0.00e+00 0.00e+00 nan nan
2.22e+02 0.00e+00 0.00e+00 nan nan
2.27e+02 0.00e+00 0.00e+00 nan nan
2.32e+02 0.00e+00 0.00e+00 nan nan
2.36e+02 0.00e+00 0.00e+00 nan nan
2.42e+02 0.00e+00 0.00e+00 nan nan
2.46e+02 0.00e+00 0.00e+00 nan nan
2.52e+02 0.00e+00 0.00e+00 nan nan
2.57e+02 3.03e-30 4.85e-31 -8.25e-31 1.52e-30
2.62e+02 2.30e-29 3.68e-30 -3.43e-30 1.02e-29
2.68e+02 1.10e-28 1.77e-29 -1.33e-29 4.62e-29
2.74e+02 4.76e-28 7.61e-29 -5.37e-29 1.96e-28
2.79e+02 2.00e-27 3.20e-28 -2.22e-28 8.21e-28
2.85e+02 8.34e-27 1.33e-27 -9.22e-28 3.42e-27
2.91e+02 3.47e-26 5.56e-27 -3.83e-27 1.43e-26
2.97e+02 1.45e-25 2.32e-26 -1.60e-26 5.94e-26
3.03e+02 6.03e-25 9.64e-26 -6.65e-26 2.47e-25
3.10e+02 2.38e-24 3.81e-25 -2.45e-25 9.63e-25
3.16e+02 7.62e-24 1.22e-24 -5.35e-25 2.92e-24
3.23e+02 2.05e-23 3.28e-24 -1.07e-24 7.53e-24
3.30e+02 5.09e-23 8.15e-24 -2.23e-24 1.83e-23
3.36e+02 1.22e-22 1.96e-23 -4.91e-24 4.35e-23
3.44e+02 2.90e-22 4.64e-23 -1.12e-23 1.03e-22
3.51e+02 6.83e-22 1.09e-22 -2.59e-23 2.42e-22
3.58e+02 1.61e-21 2.57e-22 -6.05e-23 5.68e-22
3.66e+02 3.77e-21 6.03e-22 -1.41e-22 1.33e-21
3.73e+02 8.85e-21 1.42e-21 -3.32e-22 3.13e-21
3.81e+02 2.01e-20 3.21e-21 -5.79e-22 7.03e-21
3.89e+02 4.23e-20 6.76e-21 -6.10e-22 1.44e-20
3.97e+02 8.26e-20 1.32e-20 -4.00e-22 2.75e-20
4.06e+02 1.54e-19 2.47e-20 1.28e-22 5.04e-20
4.14e+02 2.81e-19 4.50e-20 1.15e-21 9.10e-20
4.23e+02 5.06e-19 8.10e-20 2.99e-21 1.63e-19
4.32e+02 9.04e-19 1.45e-19 6.29e-21 2.90e-19
4.41e+02 1.61e-18 2.57e-19 1.22e-20 5.14e-19
4.50e+02 2.86e-18 4.57e-19 2.24e-20 9.12e-19
4.59e+02 5.07e-18 8.11e-19 4.06e-20 1.62e-18
4.69e+02 8.82e-18 1.41e-18 1.08e-19 2.78e-18
4.79e+02 1.48e-17 2.36e-18 2.72e-19 4.57e-18
4.89e+02 2.38e-17 3.82e-18 5.65e-19 7.25e-18
4.99e+02 3.75e-17 6.01e-18 1.03e-18 1.13e-17
5.10e+02 5.81e-17 9.30e-18 1.74e-18 1.73e-17
5.20e+02 8.92e-17 1.43e-17 2.81e-18 2.64e-17
5.31e+02 1.36e-16 2.17e-17 4.43e-18 4.00e-17
5.42e+02 2.06e-16 3.30e-17 6.87e-18 6.06e-17
5.54e+02 3.12e-16 5.00e-17 1.06e-17 9.17e-17
5.65e+02 4.72e-16 7.55e-17 1.61e-17 1.38e-16
5.77e+02 7.06e-16 1.13e-16 2.59e-17 2.05e-16
5.89e+02 1.03e-15 1.65e-16 4.14e-17 2.97e-16
6.02e+02 1.49e-15 2.38e-16 6.38e-17 4.22e-16
6.14e+02 2.10e-15 3.37e-16 9.53e-17 5.93e-16
6.27e+02 2.95e-15 4.72e-16 1.39e-16 8.27e-16
6.40e+02 4.12e-15 6.59e-16 1.99e-16 1.15e-15
6.54e+02 5.72e-15 9.15e-16 2.81e-16 1.59e-15
6.67e+02 7.91e-15 1.27e-15 3.94e-16 2.19e-15
6.81e+02 1.09e-14 1.75e-15 5.49e-16 3.02e-15
6.96e+02 1.50e-14 2.41e-15 7.65e-16 4.15e-15
7.10e+02 2.06e-14 3.29e-15 1.08e-15 5.65e-15
7.25e+02 2.79e-14 4.46e-15 1.51e-15 7.61e-15
7.40e+02 3.75e-14 5.99e-15 2.08e-15 1.01e-14
7.56e+02 4.99e-14 7.99e-15 2.84e-15 1.35e-14
7.72e+02 6.62e-14 1.06e-14 3.83e-15 1.78e-14
7.88e+02 8.74e-14 1.40e-14 5.13e-15 2.34e-14
8.04e+02 1.15e-13 1.84e-14 6.83e-15 3.07e-14
8.21e+02 1.51e-13 2.42e-14 9.04e-15 4.03e-14
8.38e+02 1.99e-13 3.18e-14 1.19e-14 5.28e-14
8.56e+02 2.60e-13 4.16e-14 1.58e-14 6.91e-14
8.74e+02 3.39e-13 5.43e-14 2.08e-14 8.98e-14
8.92e+02 4.40e-13 7.04e-14 2.75e-14 1.16e-13
9.11e+02 5.68e-13 9.09e-14 3.60e-14 1.49e-13
9.30e+02 7.31e-13 1.17e-13 4.68e-14 1.91e-13
9.50e+02 9.37e-13 1.50e-13 6.07e-14 2.45e-13
9.69e+02 1.20e-12 1.92e-13 7.83e-14 3.13e-13
9.90e+02 1.53e-12 2.45e-13 1.00e-13 3.99e-13
1.01e+03 1.95e-12 3.13e-13 1.29e-13 5.08e-13
1.03e+03 2.49e-12 3.98e-13 1.65e-13 6.47e-13
1.05e+03 3.17e-12 5.07e-13 2.11e-13 8.21e-13
1.08e+03 4.01e-12 6.42e-13 2.71e-13 1.04e-12
1.10e+03 5.06e-12 8.09e-13 3.46e-13 1.30e-12
1.12e+03 6.35e-12 1.02e-12 4.39e-13 1.63e-12
1.14e+03 7.94e-12 1.27e-12 5.55e-13 2.03e-12
1.17e+03 9.92e-12 1.59e-12 6.98e-13 2.53e-12
1.19e+03 1.23e-11 1.98e-12 8.76e-13 3.15e-12
1.22e+03 1.54e-11 2.46e-12 1.09e-12 3.90e-12
1.24e+03 1.91e-11 3.05e-12 1.37e-12 4.84e-12
1.27e+03 2.37e-11 3.78e-12 1.70e-12 6.00e-12
1.30e+03 2.93e-11 4.68e-12 2.12e-12 7.40e-12
1.32e+03 3.60e-11 5.76e-12 2.65e-12 9.08e-12
1.35e+03 4.41e-11 7.06e-12 3.29e-12 1.11e-11
1.38e+03 5.38e-11 8.60e-12 4.07e-12 1.34e-11
1.41e+03 6.53e-11 1.05e-11 4.99e-12 1.63e-11
1.44e+03 7.91e-11 1.26e-11 6.10e-12 1.96e-11
1.47e+03 9.56e-11 1.53e-11 7.42e-12 2.37e-11
1.50e+03 1.15e-10 1.84e-11 9.01e-12 2.85e-11
1.53e+03 1.39e-10 2.22e-11 1.09e-11 3.43e-11
1.56e+03 1.67e-10 2.67e-11 1.32e-11 4.12e-11
1.60e+03 2.00e-10 3.21e-11 1.59e-11 4.93e-11
1.63e+03 2.40e-10 3.83e-11 1.92e-11 5.87e-11
1.66e+03 2.86e-10 4.57e-11 2.31e-11 6.98e-11
1.70e+03 3.39e-10 5.43e-11 2.77e-11 8.27e-11
1.73e+03 4.02e-10 6.44e-11 3.31e-11 9.78e-11
1.77e+03 4.76e-10 7.62e-11 3.94e-11 1.15e-10
1.81e+03 5.62e-10 9.00e-11 4.68e-11 1.36e-10
1.84e+03 6.63e-10 1.06e-10 5.55e-11 1.60e-10
1.88e+03 7.82e-10 1.25e-10 6.56e-11 1.89e-10
1.92e+03 9.20e-10 1.47e-10 7.76e-11 2.22e-10
1.96e+03 1.08e-09 1.73e-10 9.17e-11 2.59e-10
2.00e+03 1.26e-09 2.02e-10 1.08e-10 3.02e-10
2.05e+03 1.47e-09 2.35e-10 1.27e-10 3.51e-10
2.09e+03 1.71e-09 2.74e-10 1.49e-10 4.07e-10
2.13e+03 1.98e-09 3.17e-10 1.74e-10 4.71e-10
2.18e+03 2.29e-09 3.67e-10 2.03e-10 5.43e-10
2.22e+03 2.65e-09 4.24e-10 2.35e-10 6.26e-10
2.27e+03 3.05e-09 4.89e-10 2.73e-10 7.20e-10
2.32e+03 3.52e-09 5.63e-10 3.16e-10 8.28e-10
2.36e+03 4.05e-09 6.48e-10 3.65e-10 9.51e-10
2.42e+03 4.64e-09 7.43e-10 4.22e-10 1.09e-09
2.46e+03 5.31e-09 8.50e-10 4.86e-10 1.24e-09
2.52e+03 6.06e-09 9.69e-10 5.58e-10 1.41e-09
2.57e+03 6.89e-09 1.10e-09 6.40e-10 1.60e-09
2.62e+03 7.82e-09 1.25e-09 7.31e-10 1.81e-09
2.68e+03 8.86e-09 1.42e-09 8.33e-10 2.05e-09
2.74e+03 1.00e-08 1.60e-09 9.46e-10 2.31e-09
2.79e+03 1.13e-08 1.81e-09 1.07e-09 2.61e-09
2.85e+03 1.28e-08 2.05e-09 1.22e-09 2.93e-09
2.91e+03 1.44e-08 2.31e-09 1.38e-09 3.30e-09
2.97e+03 1.62e-08 2.59e-09 1.56e-09 3.70e-09
3.03e+03 1.82e-08 2.91e-09 1.76e-09 4.14e-09
3.10e+03 2.04e-08 3.26e-09 1.98e-09 4.63e-09
3.16e+03 2.28e-08 3.64e-09 2.23e-09 5.16e-09
3.23e+03 2.54e-08 4.06e-09 2.50e-09 5.74e-09
3.30e+03 2.83e-08 4.53e-09 2.80e-09 6.38e-09
3.36e+03 3.15e-08 5.04e-09 3.12e-09 7.09e-09
3.44e+03 3.50e-08 5.60e-09 3.49e-09 7.87e-09
3.51e+03 3.89e-08 6.22e-09 3.89e-09 8.72e-09
3.58e+03 4.31e-08 6.90e-09 4.33e-09 9.65e-09
3.66e+03 4.77e-08 7.64e-09 4.82e-09 1.07e-08
3.73e+03 5.27e-08 8.43e-09 5.35e-09 1.17e-08
3.81e+03 5.81e-08 9.30e-09 5.93e-09 1.29e-08
3.89e+03 6.40e-08 1.02e-08 6.56e-09 1.42e-08
3.97e+03 7.03e-08 1.12e-08 7.24e-09 1.55e-08
4.06e+03 7.72e-08 1.23e-08 7.98e-09 1.70e-08
4.14e+03 8.47e-08 1.36e-08 8.78e-09 1.86e-08
4.23e+03 9.28e-08 1.48e-08 9.65e-09 2.04e-08
4.32e+03 1.02e-07 1.62e-08 1.06e-08 2.23e-08
4.41e+03 1.11e-07 1.78e-08 1.16e-08 2.43e-08
4.50e+03 1.21e-07 1.94e-08 1.28e-08 2.65e-08
4.59e+03 1.32e-07 2.11e-08 1.40e-08 2.87e-08
4.69e+03 1.44e-07 2.30e-08 1.53e-08 3.12e-08
4.79e+03 1.56e-07 2.49e-08 1.66e-08 3.38e-08
4.89e+03 1.69e-07 2.71e-08 1.81e-08 3.66e-08
4.99e+03 1.83e-07 2.94e-08 1.97e-08 3.96e-08
5.10e+03 1.99e-07 3.18e-08 2.14e-08 4.29e-08
5.20e+03 2.15e-07 3.44e-08 2.33e-08 4.63e-08
5.31e+03 2.33e-07 3.72e-08 2.52e-08 5.00e-08
5.42e+03 2.51e-07 4.02e-08 2.74e-08 5.39e-08
5.54e+03 2.71e-07 4.34e-08 2.96e-08 5.80e-08
5.65e+03 2.92e-07 4.67e-08 3.20e-08 6.24e-08
5.77e+03 3.14e-07 5.03e-08 3.46e-08 6.70e-08
5.89e+03 3.38e-07 5.40e-08 3.73e-08 7.19e-08
6.02e+03 3.63e-07 5.80e-08 4.03e-08 7.70e-08
6.14e+03 3.89e-07 6.23e-08 4.34e-08 8.26e-08
6.27e+03 4.17e-07 6.67e-08 4.66e-08 8.84e-08
6.40e+03 4.47e-07 7.15e-08 5.01e-08 9.46e-08
6.54e+03 4.78e-07 7.65e-08 5.39e-08 1.01e-07
6.67e+03 5.12e-07 8.19e-08 5.78e-08 1.08e-07
6.81e+03 5.46e-07 8.74e-08 6.20e-08 1.15e-07
6.96e+03 5.83e-07 9.33e-08 6.64e-08 1.23e-07
7.10e+03 6.21e-07 9.94e-08 7.11e-08 1.31e-07
7.25e+03 6.62e-07 1.06e-07 7.60e-08 1.39e-07
7.40e+03 7.04e-07 1.13e-07 8.12e-08 1.47e-07
7.56e+03 7.49e-07 1.20e-07 8.65e-08 1.57e-07
7.72e+03 7.96e-07 1.27e-07 9.22e-08 1.66e-07
7.88e+03 8.45e-07 1.35e-07 9.82e-08 1.76e-07
8.04e+03 8.97e-07 1.44e-07 1.05e-07 1.87e-07
8.21e+03 9.51e-07 1.52e-07 1.11e-07 1.98e-07
8.38e+03 1.01e-06 1.61e-07 1.18e-07 2.09e-07
8.56e+03 1.06e-06 1.70e-07 1.26e-07 2.21e-07
8.74e+03 1.13e-06 1.80e-07 1.33e-07 2.33e-07
8.92e+03 1.19e-06 1.90e-07 1.41e-07 2.46e-07
9.11e+03 1.26e-06 2.01e-07 1.50e-07 2.60e-07
9.30e+03 1.33e-06 2.12e-07 1.58e-07 2.73e-07
9.50e+03 1.40e-06 2.24e-07 1.67e-07 2.88e-07
9.69e+03 1.48e-06 2.36e-07 1.77e-07 3.03e-07
9.90e+03 1.55e-06 2.49e-07 1.87e-07 3.19e-07
1.01e+04 1.64e-06 2.62e-07 1.97e-07 3.36e-07
1.03e+04 1.72e-06 2.75e-07 2.08e-07 3.52e-07
1.05e+04 1.81e-06 2.89e-07 2.19e-07 3.70e-07
1.08e+04 1.90e-06 3.04e-07 2.31e-07 3.88e-07
1.10e+04 1.99e-06 3.19e-07 2.43e-07 4.07e-07
1.12e+04 2.09e-06 3.35e-07 2.56e-07 4.26e-07
1.14e+04 2.19e-06 3.51e-07 2.69e-07 4.46e-07
1.17e+04 2.30e-06 3.68e-07 2.82e-07 4.67e-07
1.19e+04 2.41e-06 3.85e-07 2.96e-07 4.88e-07
1.22e+04 2.52e-06 4.03e-07 3.11e-07 5.10e-07
1.24e+04 2.64e-06 4.22e-07 3.26e-07 5.33e-07
1.27e+04 2.76e-06 4.41e-07 3.42e-07 5.57e-07
1.30e+04 2.88e-06 4.61e-07 3.58e-07 5.81e-07
1.32e+04 3.01e-06 4.81e-07 3.75e-07 6.06e-07
1.35e+04 3.14e-06 5.02e-07 3.92e-07 6.32e-07
1.38e+04 3.27e-06 5.24e-07 4.10e-07 6.58e-07
1.41e+04 3.42e-06 5.47e-07 4.28e-07 6.86e-07
1.44e+04 3.56e-06 5.70e-07 4.47e-07 7.14e-07
1.47e+04 3.71e-06 5.94e-07 4.67e-07 7.42e-07
1.50e+04 3.86e-06 6.18e-07 4.87e-07 7.72e-07
1.53e+04 4.02e-06 6.43e-07 5.07e-07 8.02e-07
1.56e+04 4.18e-06 6.69e-07 5.29e-07 8.32e-07
1.60e+04 4.35e-06 6.95e-07 5.51e-07 8.64e-07
1.63e+04 4.51e-06 7.22e-07 5.73e-07 8.96e-07
1.66e+04 4.69e-06 7.50e-07 5.96e-07 9.28e-07
1.70e+04 4.87e-06 7.79e-07 6.20e-07 9.62e-07
1.73e+04 5.05e-06 8.08e-07 6.44e-07 9.97e-07
1.77e+04 5.23e-06 8.38e-07 6.69e-07 1.03e-06
1.81e+04 5.43e-06 8.68e-07 6.94e-07 1.07e-06
1.84e+04 5.62e-06 9.00e-07 7.20e-07 1.10e-06
1.88e+04 5.82e-06 9.31e-07 7.47e-07 1.14e-06
1.92e+04 6.03e-06 9.64e-07 7.74e-07 1.18e-06
1.96e+04 6.23e-06 9.98e-07 8.02e-07 1.22e-06
2.00e+04 6.45e-06 1.03e-06 8.31e-07 1.26e-06
2.05e+04 6.67e-06 1.07e-06 8.60e-07 1.30e-06
2.09e+04 6.89e-06 1.10e-06 8.91e-07 1.34e-06
2.13e+04 7.12e-06 1.14e-06 9.22e-07 1.38e-06
2.18e+04 7.36e-06 1.18e-06 9.53e-07 1.43e-06
2.22e+04 7.60e-06 1.22e-06 9.85e-07 1.47e-06
2.27e+04 7.84e-06 1.25e-06 1.02e-06 1.52e-06
2.32e+04 8.09e-06 1.29e-06 1.05e-06 1.56e-06
2.36e+04 8.34e-06 1.33e-06 1.09e-06 1.61e-06
2.42e+04 8.60e-06 1.38e-06 1.12e-06 1.66e-06
2.46e+04 8.86e-06 1.42e-06 1.16e-06 1.70e-06
2.52e+04 9.13e-06 1.46e-06 1.19e-06 1.75e-06
2.57e+04 9.40e-06 1.50e-06 1.23e-06 1.80e-06
2.62e+04 9.67e-06 1.55e-06 1.27e-06 1.85e-06
2.68e+04 9.96e-06 1.59e-06 1.31e-06 1.90e-06
2.74e+04 1.02e-05 1.64e-06 1.35e-06 1.96e-06
2.79e+04 1.05e-05 1.68e-06 1.39e-06 2.01e-06
2.85e+04 1.08e-05 1.73e-06 1.42e-06 2.06e-06
2.91e+04 1.11e-05 1.78e-06 1.47e-06 2.11e-06
2.97e+04 1.14e-05 1.83e-06 1.51e-06 2.17e-06
3.03e+04 1.17e-05 1.88e-06 1.55e-06 2.22e-06
3.10e+04 1.20e-05 1.93e-06 1.59e-06 2.28e-06
3.16e+04 1.24e-05 1.98e-06 1.64e-06 2.33e-06
3.23e+04 1.27e-05 2.03e-06 1.68e-06 2.39e-06
3.30e+04 1.30e-05 2.08e-06 1.72e-06 2.45e-06
3.36e+04 1.33e-05 2.13e-06 1.77e-06 2.51e-06
3.44e+04 1.37e-05 2.19e-06 1.82e-06 2.56e-06
3.51e+04 1.40e-05 2.24e-06 1.86e-06 2.62e-06
3.58e+04 1.43e-05 2.30e-06 1.91e-06 2.68e-06
3.66e+04 1.47e-05 2.35e-06 1.96e-06 2.74e-06
3.73e+04 1.50e-05 2.41e-06 2.01e-06 2.80e-06
3.81e+04 1.54e-05 2.46e-06 2.06e-06 2.87e-06
3.89e+04 1.57e-05 2.52e-06 2.11e-06 2.93e-06
3.97e+04 1.61e-05 2.58e-06 2.16e-06 2.99e-06
4.06e+04 1.65e-05 2.64e-06 2.21e-06 3.06e-06
4.14e+04 1.68e-05 2.69e-06 2.27e-06 3.12e-06
4.23e+04 1.72e-05 2.75e-06 2.32e-06 3.19e-06
4.32e+04 1.76e-05 2.81e-06 2.37e-06 3.25e-06
4.41e+04 1.79e-05 2.87e-06 2.42e-06 3.31e-06
4.50e+04 1.83e-05 2.93e-06 2.48e-06 3.38e-06
4.59e+04 1.87e-05 2.99e-06 2.53e-06 3.44e-06
4.69e+04 1.91e-05 3.05e-06 2.59e-06 3.51e-06
4.79e+04 1.95e-05 3.11e-06 2.64e-06 3.58e-06
4.89e+04 1.99e-05 3.18e-06 2.70e-06 3.64e-06
4.99e+04 2.03e-05 3.24e-06 2.76e-06 3.71e-06
5.10e+04 2.06e-05 3.30e-06 2.81e-06 3.78e-06
5.20e+04 2.10e-05 3.36e-06 2.87e-06 3.85e-06
5.31e+04 2.14e-05 3.43e-06 2.93e-06 3.91e-06
5.42e+04 2.18e-05 3.49e-06 2.99e-06 3.98e-06
5.54e+04 2.22e-05 3.55e-06 3.05e-06 4.05e-06
5.65e+04 2.26e-05 3.62e-06 3.11e-06 4.11e-06
5.77e+04 2.30e-05 3.68e-06 3.16e-06 4.18e-06
5.89e+04 2.34e-05 3.75e-06 3.22e-06 4.25e-06
6.02e+04 2.38e-05 3.81e-06 3.28e-06 4.32e-06
6.14e+04 2.42e-05 3.88e-06 3.34e-06 4.39e-06
6.27e+04 2.46e-05 3.94e-06 3.40e-06 4.45e-06
6.40e+04 2.50e-05 4.01e-06 3.47e-06 4.52e-06
6.54e+04 2.54e-05 4.07e-06 3.53e-06 4.59e-06
6.67e+04 2.59e-05 4.14e-06 3.59e-06 4.66e-06
6.81e+04 2.63e-05 4.20e-06 3.65e-06 4.72e-06
6.96e+04 2.67e-05 4.27e-06 3.71e-06 4.79e-06
7.10e+04 2.71e-05 4.33e-06 3.77e-06 4.86e-06
7.25e+04 2.75e-05 4.40e-06 3.83e-06 4.92e-06
7.40e+04 2.79e-05 4.46e-06 3.89e-06 4.99e-06
7.56e+04 2.83e-05 4.53e-06 3.96e-06 5.06e-06
7.72e+04 2.87e-05 4.59e-06 4.02e-06 5.12e-06
7.88e+04 2.91e-05 4.66e-06 4.08e-06 5.19e-06
8.04e+04 2.95e-05 4.72e-06 4.14e-06 5.25e-06
8.21e+04 2.99e-05 4.78e-06 4.20e-06 5.32e-06
8.38e+04 3.03e-05 4.85e-06 4.26e-06 5.38e-06
8.56e+04 3.07e-05 4.91e-06 4.32e-06 5.44e-06
8.74e+04 3.11e-05 4.97e-06 4.39e-06 5.51e-06
8.92e+04 3.15e-05 5.04e-06 4.45e-06 5.57e-06
9.11e+04 3.19e-05 5.10e-06 4.51e-06 5.63e-06
9.30e+04 3.23e-05 5.16e-06 4.57e-06 5.69e-06
9.50e+04 3.26e-05 5.22e-06 4.63e-06 5.75e-06
9.69e+04 3.30e-05 5.28e-06 4.69e-06 5.82e-06
9.90e+04 3.34e-05 5.34e-06 4.75e-06 5.87e-06
1.01e+05 3.38e-05 5.40e-06 4.81e-06 5.93e-06
1.03e+05 3.42e-05 5.47e-06 4.87e-06 5.99e-06
1.05e+05 3.45e-05 5.52e-06 4.93e-06 6.05e-06
1.08e+05 3.49e-05 5.58e-06 4.99e-06 6.11e-06
1.10e+05 3.53e-05 5.64e-06 5.05e-06 6.16e-06
1.12e+05 3.56e-05 5.70e-06 5.11e-06 6.22e-06
1.14e+05 3.60e-05 5.76e-06 5.16e-06 6.28e-06
1.17e+05 3.63e-05 5.82e-06 5.22e-06 6.33e-06
1.19e+05 3.67e-05 5.87e-06 5.28e-06 6.38e-06
1.22e+05 3.70e-05 5.93e-06 5.33e-06 6.43e-06
1.24e+05 3.74e-05 5.98e-06 5.39e-06 6.49e-06
1.27e+05 3.77e-05 6.03e-06 5.45e-06 6.54e-06
1.30e+05 3.81e-05 6.09e-06 5.50e-06 6.59e-06
1.32e+05 3.84e-05 6.14e-06 5.56e-06 6.64e-06
1.35e+05 3.87e-05 6.19e-06 5.61e-06 6.68e-06
1.38e+05 3.90e-05 6.24e-06 5.67e-06 6.73e-06
1.41e+05 3.93e-05 6.29e-06 5.72e-06 6.78e-06
1.44e+05 3.97e-05 6.34e-06 5.77e-06 6.82e-06
1.47e+05 4.00e-05 6.39e-06 5.82e-06 6.86e-06
1.50e+05 4.03e-05 6.44e-06 5.87e-06 6.91e-06
1.53e+05 4.06e-05 6.49e-06 5.93e-06 6.95e-06
1.56e+05 4.08e-05 6.53e-06 5.98e-06 7.00e-06
1.60e+05 4.11e-05 6.58e-06 6.03e-06 7.04e-06
1.63e+05 4.14e-05 6.62e-06 6.08e-06 7.08e-06
1.66e+05 4.17e-05 6.67e-06 6.13e-06 7.12e-06
1.70e+05 4.19e-05 6.71e-06 6.18e-06 7.16e-06
1.73e+05 4.22e-05 6.75e-06 6.22e-06 7.19e-06
1.77e+05 4.25e-05 6.79e-06 6.27e-06 7.23e-06
1.81e+05 4.27e-05 6.83e-06 6.32e-06 7.26e-06
1.84e+05 4.30e-05 6.87e-06 6.36e-06 7.30e-06
1.88e+05 4.32e-05 6.91e-06 6.40e-06 7.33e-06
1.92e+05 4.34e-05 6.95e-06 6.44e-06 7.36e-06
1.96e+05 4.37e-05 6.99e-06 6.49e-06 7.39e-06
2.00e+05 4.39e-05 7.02e-06 6.53e-06 7.41e-06
2.05e+05 4.41e-05 7.06e-06 6.57e-06 7.45e-06
2.09e+05 4.43e-05 7.09e-06 6.61e-06 7.47e-06
2.13e+05 4.45e-05 7.12e-06 6.65e-06 7.50e-06
2.18e+05 4.47e-05 7.16e-06 6.69e-06 7.53e-06
2.22e+05 4.49e-05 7.18e-06 6.73e-06 7.55e-06
2.27e+05 4.51e-05 7.22e-06 6.77e-06 7.58e-06
2.32e+05 4.53e-05 7.24e-06 6.81e-06 7.60e-06
2.36e+05 4.55e-05 7.27e-06 6.84e-06 7.62e-06
2.42e+05 4.56e-05 7.30e-06 6.88e-06 7.64e-06
2.46e+05 4.58e-05 7.32e-06 6.91e-06 7.66e-06
2.52e+05 4.59e-05 7.35e-06 6.94e-06 7.67e-06
2.57e+05 4.61e-05 7.37e-06 6.97e-06 7.69e-06
2.62e+05 4.62e-05 7.39e-06 7.00e-06 7.70e-06
2.68e+05 4.64e-05 7.42e-06 7.02e-06 7.71e-06
2.74e+05 4.65e-05 7.44e-06 7.05e-06 7.72e-06
2.79e+05 4.66e-05 7.45e-06 7.08e-06 7.74e-06
2.85e+05 4.67e-05 7.47e-06 7.11e-06 7.75e-06
2.91e+05 4.68e-05 7.49e-06 7.14e-06 7.76e-06
2.97e+05 4.69e-05 7.51e-06 7.16e-06 7.77e-06
3.03e+05 4.70e-05 7.52e-06 7.19e-06 7.78e-06
3.10e+05 4.71e-05 7.54e-06 7.21e-06 7.78e-06
3.16e+05 4.72e-05 7.55e-06 7.23e-06 7.79e-06
3.23e+05 4.73e-05 7.56e-06 7.26e-06 7.80e-06
3.30e+05 4.73e-05 7.57e-06 7.28e-06 7.80e-06
3.36e+05 4.74e-05 7.58e-06 7.30e-06 7.80e-06
3.44e+05 4.75e-05 7.59e-06 7.32e-06 7.81e-06
3.51e+05 4.75e-05 7.60e-06 7.33e-06 7.81e-06
3.58e+05 4.75e-05 7.61e-06 7.35e-06 7.81e-06
3.66e+05 4.76e-05 7.61e-06 7.36e-06 7.80e-06
3.73e+05 4.76e-05 7.62e-06 7.38e-06 7.81e-06
3.81e+05 4.76e-05 7.62e-06 7.40e-06 7.80e-06
3.89e+05 4.77e-05 7.62e-06 7.41e-06 7.79e-06
3.97e+05 4.77e-05 7.63e-06 7.41e-06 7.79e-06
4.06e+05 4.77e-05 7.63e-06 7.42e-06 7.78e-06
4.14e+05 4.77e-05 7.63e-06 7.42e-06 7.76e-06
4.23e+05 4.77e-05 7.63e-06 7.43e-06 7.75e-06
4.32e+05 4.77e-05 7.63e-06 7.43e-06 7.74e-06
4.41e+05 4.76e-05 7.62e-06 7.44e-06 7.73e-06
4.50e+05 4.76e-05 7.62e-06 7.44e-06 7.71e-06
4.59e+05 4.76e-05 7.62e-06 7.44e-06 7.70e-06
4.69e+05 4.76e-05 7.61e-06 7.43e-06 7.67e-06
4.79e+05 4.75e-05 7.61e-06 7.43e-06 7.66e-06
4.89e+05 4.75e-05 7.60e-06 7.43e-06 7.65e-06
4.99e+05 4.74e-05 7.59e-06 7.43e-06 7.63e-06
5.10e+05 4.74e-05 7.58e-06 7.43e-06 7.62e-06
5.20e+05 4.73e-05 7.57e-06 7.42e-06 7.60e-06
5.31e+05 4.72e-05 7.56e-06 7.41e-06 7.58e-06
5.42e+05 4.72e-05 7.55e-06 7.41e-06 7.57e-06
5.54e+05 4.71e-05 7.53e-06 7.40e-06 7.56e-06
5.65e+05 4.70e-05 7.52e-06 7.38e-06 7.54e-06
5.77e+05 4.69e-05 7.51e-06 7.37e-06 7.52e-06
5.89e+05 4.68e-05 7.49e-06 7.35e-06 7.50e-06
6.02e+05 4.67e-05 7.47e-06 7.33e-06 7.49e-06
6.14e+05 4.66e-05 7.46e-06 7.31e-06 7.47e-06
6.27e+05 4.65e-05 7.44e-06 7.29e-06 7.46e-06
6.40e+05 4.64e-05 7.42e-06 7.27e-06 7.44e-06
6.54e+05 4.62e-05 7.40e-06 7.25e-06 7.43e-06
6.67e+05 4.61e-05 7.38e-06 7.22e-06 7.41e-06
6.81e+05 4.60e-05 7.36e-06 7.19e-06 7.39e-06
6.96e+05 4.59e-05 7.34e-06 7.17e-06 7.38e-06
7.10e+05 4.57e-05 7.32e-06 7.14e-06 7.37e-06
7.25e+05 4.56e-05 7.29e-06 7.11e-06 7.35e-06
7.40e+05 4.54e-05 7.27e-06 7.08e-06 7.33e-06
7.56e+05 4.53e-05 7.24e-06 7.05e-06 7.31e-06
7.72e+05 4.51e-05 7.22e-06 7.01e-06 7.29e-06
7.88e+05 4.50e-05 7.19e-06 6.98e-06 7.28e-06
8.04e+05 4.48e-05 7.17e-06 6.95e-06 7.26e-06
8.21e+05 4.46e-05 7.14e-06 6.92e-06 7.24e-06
8.38e+05 4.44e-05 7.11e-06 6.88e-06 7.22e-06
8.56e+05 4.43e-05 7.08e-06 6.85e-06 7.20e-06
8.74e+05 4.41e-05 7.05e-06 6.82e-06 7.18e-06
8.92e+05 4.39e-05 7.02e-06 6.78e-06 7.16e-06
9.11e+05 4.37e-05 6.99e-06 6.75e-06 7.15e-06
9.30e+05 4.35e-05 6.96e-06 6.72e-06 7.13e-06
9.50e+05 4.33e-05 6.93e-06 6.68e-06 7.10e-06
9.69e+05 4.31e-05 6.90e-06 6.64e-06 7.08e-06
9.90e+05 4.29e-05 6.87e-06 6.60e-06 7.05e-06
1.01e+06 4.27e-05 6.84e-06 6.56e-06 7.03e-06
1.03e+06 4.25e-05 6.80e-06 6.52e-06 7.00e-06
1.05e+06 4.23e-05 6.77e-06 6.48e-06 6.97e-06
1.08e+06 4.21e-05 6.73e-06 6.44e-06 6.94e-06
1.10e+06 4.19e-05 6.70e-06 6.40e-06 6.92e-06
1.12e+06 4.17e-05 6.66e-06 6.36e-06 6.89e-06
1.14e+06 4.14e-05 6.63e-06 6.32e-06 6.86e-06
1.17e+06 4.12e-05 6.59e-06 6.28e-06 6.83e-06
1.19e+06 4.10e-05 6.56e-06 6.24e-06 6.81e-06
1.22e+06 4.08e-05 6.52e-06 6.20e-06 6.78e-06
1.24e+06 4.05e-05 6.48e-06 6.16e-06 6.75e-06
1.27e+06 4.03e-05 6.45e-06 6.11e-06 6.71e-06
1.30e+06 4.00e-05 6.41e-06 6.07e-06 6.69e-06
1.32e+06 3.98e-05 6.37e-06 6.03e-06 6.65e-06
1.35e+06 3.96e-05 6.33e-06 5.99e-06 6.62e-06
1.38e+06 3.93e-05 6.29e-06 5.95e-06 6.59e-06
1.41e+06 3.91e-05 6.26e-06 5.90e-06 6.56e-06
1.44e+06 3.88e-05 6.22e-06 5.86e-06 6.52e-06
1.47e+06 3.86e-05 6.18e-06 5.81e-06 6.49e-06
1.50e+06 3.83e-05 6.14e-06 5.77e-06 6.45e-06
1.53e+06 3.81e-05 6.10e-06 5.72e-06 6.42e-06
1.56e+06 3.78e-05 6.05e-06 5.67e-06 6.38e-06
1.60e+06 3.76e-05 6.01e-06 5.63e-06 6.35e-06
1.63e+06 3.73e-05 5.97e-06 5.59e-06 6.31e-06
1.66e+06 3.70e-05 5.93e-06 5.54e-06 6.28e-06
1.70e+06 3.68e-05 5.89e-06 5.49e-06 6.24e-06
1.73e+06 3.65e-05 5.85e-06 5.45e-06 6.20e-06
1.77e+06 3.63e-05 5.81e-06 5.41e-06 6.17e-06
1.81e+06 3.60e-05 5.77e-06 5.36e-06 6.13e-06
1.84e+06 3.57e-05 5.73e-06 5.32e-06 6.09e-06
1.88e+06 3.55e-05 5.68e-06 5.27e-06 6.05e-06
1.92e+06 3.52e-05 5.64e-06 5.23e-06 6.02e-06
1.96e+06 3.49e-05 5.60e-06 5.18e-06 5.98e-06
2.00e+06 3.47e-05 5.56e-06 5.14e-06 5.94e-06
2.05e+06 3.44e-05 5.51e-06 5.09e-06 5.90e-06
2.09e+06 3.41e-05 5.47e-06 5.05e-06 5.86e-06
2.13e+06 3.39e-05 5.43e-06 5.00e-06 5.83e-06
2.18e+06 3.36e-05 5.39e-06 4.96e-06 5.79e-06
2.22e+06 3.33e-05 5.35e-06 4.92e-06 5.75e-06
2.27e+06 3.31e-05 5.30e-06 4.87e-06 5.71e-06
2.32e+06 3.28e-05 5.26e-06 4.83e-06 5.67e-06
2.36e+06 3.25e-05 5.22e-06 4.78e-06 5.63e-06
2.42e+06 3.23e-05 5.18e-06 4.74e-06 5.59e-06
2.46e+06 3.20e-05 5.13e-06 4.69e-06 5.56e-06
2.52e+06 3.17e-05 5.09e-06 4.65e-06 5.52e-06
2.57e+06 3.14e-05 5.05e-06 4.61e-06 5.48e-06
2.62e+06 3.12e-05 5.01e-06 4.56e-06 5.44e-06
2.68e+06 3.09e-05 4.97e-06 4.52e-06 5.40e-06
2.74e+06 3.06e-05 4.93e-06 4.48e-06 5.36e-06
2.79e+06 3.04e-05 4.88e-06 4.44e-06 5.32e-06
2.85e+06 3.01e-05 4.84e-06 4.40e-06 5.29e-06
2.91e+06 2.98e-05 4.80e-06 4.35e-06 5.25e-06
2.97e+06 2.96e-05 4.76e-06 4.31e-06 5.21e-06
3.03e+06 2.93e-05 4.72e-06 4.27e-06 5.17e-06
3.10e+06 2.90e-05 4.68e-06 4.23e-06 5.13e-06
3.16e+06 2.88e-05 4.63e-06 4.19e-06 5.09e-06
3.23e+06 2.85e-05 4.59e-06 4.15e-06 5.05e-06
3.30e+06 2.82e-05 4.55e-06 4.11e-06 5.01e-06
3.36e+06 2.80e-05 4.51e-06 4.07e-06 4.98e-06
3.44e+06 2.77e-05 4.47e-06 4.03e-06 4.94e-06
3.51e+06 2.74e-05 4.43e-06 3.99e-06 4.90e-06
3.58e+06 2.72e-05 4.39e-06 3.95e-06 4.86e-06
3.66e+06 2.69e-05 4.35e-06 3.91e-06 4.82e-06
3.73e+06 2.67e-05 4.31e-06 3.87e-06 4.78e-06
3.81e+06 2.64e-05 4.27e-06 3.83e-06 4.74e-06
3.89e+06 2.62e-05 4.23e-06 3.79e-06 4.71e-06
3.97e+06 2.59e-05 4.19e-06 3.75e-06 4.67e-06
4.06e+06 2.57e-05 4.15e-06 3.71e-06 4.63e-06
4.14e+06 2.54e-05 4.12e-06 3.68e-06 4.59e-06
4.23e+06 2.51e-05 4.08e-06 3.64e-06 4.55e-06
4.32e+06 2.49e-05 4.04e-06 3.60e-06 4.52e-06
4.41e+06 2.46e-05 4.00e-06 3.56e-06 4.48e-06
4.50e+06 2.44e-05 3.96e-06 3.53e-06 4.44e-06
4.59e+06 2.41e-05 3.92e-06 3.49e-06 4.41e-06
4.69e+06 2.39e-05 3.89e-06 3.46e-06 4.37e-06
4.79e+06 2.36e-05 3.85e-06 3.42e-06 4.33e-06
4.89e+06 2.34e-05 3.81e-06 3.39e-06 4.30e-06
4.99e+06 2.32e-05 3.78e-06 3.35e-06 4.26e-06
5.10e+06 2.29e-05 3.74e-06 3.32e-06 4.22e-06
5.20e+06 2.27e-05 3.70e-06 3.28e-06 4.19e-06
5.31e+06 2.24e-05 3.67e-06 3.25e-06 4.15e-06
5.42e+06 2.22e-05 3.63e-06 3.22e-06 4.12e-06
5.54e+06 2.20e-05 3.60e-06 3.18e-06 4.08e-06
5.65e+06 2.17e-05 3.56e-06 3.15e-06 4.05e-06
5.77e+06 2.15e-05 3.53e-06 3.12e-06 4.01e-06
5.89e+06 2.13e-05 3.49e-06 3.09e-06 3.98e-06
6.02e+06 2.10e-05 3.46e-06 3.06e-06 3.95e-06
6.14e+06 2.08e-05 3.43e-06 3.03e-06 3.92e-06
6.27e+06 2.06e-05 3.39e-06 3.00e-06 3.88e-06
6.40e+06 2.04e-05 3.36e-06 2.97e-06 3.85e-06
6.54e+06 2.01e-05 3.33e-06 2.94e-06 3.82e-06
6.67e+06 1.99e-05 3.29e-06 2.91e-06 3.79e-06
6.81e+06 1.97e-05 3.26e-06 2.88e-06 3.75e-06
6.96e+06 1.95e-05 3.23e-06 2.85e-06 3.72e-06
7.10e+06 1.93e-05 3.20e-06 2.82e-06 3.69e-06
7.25e+06 1.91e-05 3.17e-06 2.79e-06 3.66e-06
7.40e+06 1.89e-05 3.14e-06 2.76e-06 3.62e-06
7.56e+06 1.86e-05 3.10e-06 2.74e-06 3.59e-06
7.72e+06 1.84e-05 3.08e-06 2.71e-06 3.56e-06
7.88e+06 1.82e-05 3.05e-06 2.68e-06 3.53e-06
8.04e+06 1.80e-05 3.01e-06 2.65e-06 3.50e-06
8.21e+06 1.78e-05 2.98e-06 2.63e-06 3.47e-06
8.38e+06 1.76e-05 2.96e-06 2.60e-06 3.43e-06
8.56e+06 1.74e-05 2.93e-06 2.57e-06 3.40e-06
8.74e+06 1.72e-05 2.90e-06 2.55e-06 3.37e-06
8.92e+06 1.70e-05 2.87e-06 2.52e-06 3.34e-06
9.11e+06 1.68e-05 2.84e-06 2.49e-06 3.31e-06
9.30e+06 1.66e-05 2.81e-06 2.47e-06 3.28e-06
9.50e+06 1.64e-05 2.79e-06 2.45e-06 3.26e-06
9.69e+06 1.62e-05 2.76e-06 2.42e-06 3.22e-06
9.90e+06 1.61e-05 2.73e-06 2.39e-06 3.19e-06
1.01e+07 1.59e-05 2.70e-06 2.37e-06 3.16e-06
1.03e+07 1.57e-05 2.68e-06 2.34e-06 3.13e-06
1.05e+07 1.55e-05 2.65e-06 2.32e-06 3.10e-06
1.08e+07 1.53e-05 2.62e-06 2.29e-06 3.07e-06
1.10e+07 1.51e-05 2.60e-06 2.27e-06 3.04e-06
1.12e+07 1.50e-05 2.57e-06 2.24e-06 3.02e-06
1.14e+07 1.48e-05 2.55e-06 2.22e-06 2.99e-06
1.17e+07 1.46e-05 2.52e-06 2.19e-06 2.96e-06
1.19e+07 1.44e-05 2.50e-06 2.17e-06 2.93e-06
1.22e+07 1.43e-05 2.48e-06 2.15e-06 2.90e-06
1.24e+07 1.41e-05 2.45e-06 2.13e-06 2.87e-06
1.27e+07 1.39e-05 2.43e-06 2.10e-06 2.85e-06
1.30e+07 1.38e-05 2.40e-06 2.08e-06 2.82e-06
1.32e+07 1.36e-05 2.38e-06 2.06e-06 2.79e-06
1.35e+07 1.34e-05 2.36e-06 2.04e-06 2.77e-06
1.38e+07 1.33e-05 2.34e-06 2.02e-06 2.74e-06
1.41e+07 1.31e-05 2.31e-06 2.00e-06 2.72e-06
1.44e+07 1.30e-05 2.29e-06 1.98e-06 2.69e-06
1.47e+07 1.28e-05 2.27e-06 1.96e-06 2.67e-06
1.50e+07 1.26e-05 2.25e-06 1.94e-06 2.65e-06
1.53e+07 1.25e-05 2.22e-06 1.92e-06 2.62e-06
1.56e+07 1.24e-05 2.20e-06 1.91e-06 2.60e-06
1.60e+07 1.22e-05 2.18e-06 1.89e-06 2.57e-06
1.63e+07 1.20e-05 2.16e-06 1.87e-06 2.55e-06
1.66e+07 1.19e-05 2.14e-06 1.85e-06 2.52e-06
1.70e+07 1.18e-05 2.12e-06 1.83e-06 2.50e-06
1.73e+07 1.16e-05 2.10e-06 1.81e-06 2.48e-06
1.77e+07 1.15e-05 2.08e-06 1.79e-06 2.45e-06
1.81e+07 1.13e-05 2.06e-06 1.77e-06 2.43e-06
1.84e+07 1.12e-05 2.04e-06 1.76e-06 2.41e-06
1.88e+07 1.11e-05 2.02e-06 1.74e-06 2.38e-06
1.92e+07 1.09e-05 2.00e-06 1.72e-06 2.36e-06
1.96e+07 1.08e-05 1.99e-06 1.70e-06 2.34e-06
2.00e+07 1.07e-05 1.97e-06 1.69e-06 2.32e-06
2.05e+07 1.05e-05 1.95e-06 1.67e-06 2.29e-06
2.09e+07 1.04e-05 1.93e-06 1.65e-06 2.27e-06
2.13e+07 1.03e-05 1.91e-06 1.64e-06 2.25e-06
2.18e+07 1.01e-05 1.90e-06 1.62e-06 2.23e-06
2.22e+07 1.00e-05 1.88e-06 1.61e-06 2.21e-06
2.27e+07 9.90e-06 1.86e-06 1.59e-06 2.19e-06
2.32e+07 9.78e-06 1.84e-06 1.58e-06 2.17e-06
2.36e+07 9.66e-06 1.83e-06 1.56e-06 2.15e-06
2.42e+07 9.54e-06 1.81e-06 1.55e-06 2.13e-06
2.46e+07 9.42e-06 1.79e-06 1.54e-06 2.11e-06
2.52e+07 9.30e-06 1.78e-06 1.53e-06 2.09e-06
2.57e+07 9.19e-06 1.76e-06 1.51e-06 2.08e-06
2.62e+07 9.08e-06 1.75e-06 1.50e-06 2.06e-06
2.68e+07 8.96e-06 1.73e-06 1.49e-06 2.04e-06
2.74e+07 8.85e-06 1.72e-06 1.47e-06 2.02e-06
2.79e+07 8.74e-06 1.70e-06 1.46e-06 2.00e-06
2.85e+07 8.63e-06 1.68e-06 1.45e-06 1.98e-06
2.91e+07 8.53e-06 1.67e-06 1.43e-06 1.96e-06
2.97e+07 8.42e-06 1.66e-06 1.42e-06 1.94e-06
3.03e+07 8.31e-06 1.64e-06 1.41e-06 1.93e-06
3.10e+07 8.21e-06 1.63e-06 1.40e-06 1.91e-06
3.16e+07 8.11e-06 1.61e-06 1.38e-06 1.89e-06
3.23e+07 8.01e-06 1.60e-06 1.37e-06 1.88e-06
3.30e+07 7.91e-06 1.58e-06 1.36e-06 1.86e-06
3.36e+07 7.81e-06 1.57e-06 1.35e-06 1.84e-06
3.44e+07 7.71e-06 1.56e-06 1.34e-06 1.83e-06
3.51e+07 7.62e-06 1.54e-06 1.33e-06 1.81e-06
3.58e+07 7.52e-06 1.53e-06 1.32e-06 1.80e-06
3.66e+07 7.43e-06 1.52e-06 1.31e-06 1.78e-06
3.73e+07 7.34e-06 1.50e-06 1.30e-06 1.77e-06
3.81e+07 7.24e-06 1.49e-06 1.29e-06 1.75e-06
3.89e+07 7.15e-06 1.48e-06 1.28e-06 1.73e-06
3.97e+07 7.06e-06 1.47e-06 1.27e-06 1.72e-06
4.06e+07 6.97e-06 1.45e-06 1.26e-06 1.70e-06
4.14e+07 6.89e-06 1.44e-06 1.25e-06 1.69e-06
4.23e+07 6.80e-06 1.43e-06 1.24e-06 1.67e-06
4.32e+07 6.72e-06 1.42e-06 1.23e-06 1.66e-06
4.41e+07 6.63e-06 1.41e-06 1.22e-06 1.64e-06
4.50e+07 6.55e-06 1.39e-06 1.20e-06 1.62e-06
4.59e+07 6.46e-06 1.38e-06 1.19e-06 1.61e-06
4.69e+07 6.38e-06 1.37e-06 1.18e-06 1.59e-06
4.79e+07 6.30e-06 1.36e-06 1.17e-06 1.57e-06
4.89e+07 6.22e-06 1.35e-06 1.16e-06 1.56e-06
4.99e+07 6.15e-06 1.34e-06 1.15e-06 1.54e-06
5.10e+07 6.07e-06 1.33e-06 1.14e-06 1.53e-06
5.20e+07 5.99e-06 1.31e-06 1.13e-06 1.52e-06
5.31e+07 5.92e-06 1.30e-06 1.13e-06 1.50e-06
5.42e+07 5.84e-06 1.29e-06 1.12e-06 1.49e-06
5.54e+07 5.77e-06 1.28e-06 1.11e-06 1.48e-06
5.65e+07 5.70e-06 1.27e-06 1.10e-06 1.47e-06
5.77e+07 5.63e-06 1.26e-06 1.09e-06 1.45e-06
5.89e+07 5.55e-06 1.25e-06 1.09e-06 1.44e-06
6.02e+07 5.48e-06 1.24e-06 1.08e-06 1.43e-06
6.14e+07 5.41e-06 1.23e-06 1.07e-06 1.42e-06
6.27e+07 5.35e-06 1.22e-06 1.07e-06 1.40e-06
6.40e+07 5.28e-06 1.21e-06 1.06e-06 1.39e-06
6.54e+07 5.22e-06 1.20e-06 1.05e-06 1.38e-06
6.67e+07 5.15e-06 1.19e-06 1.04e-06 1.37e-06
6.81e+07 5.09e-06 1.18e-06 1.04e-06 1.36e-06
6.96e+07 5.02e-06 1.17e-06 1.03e-06 1.34e-06
7.10e+07 4.96e-06 1.17e-06 1.02e-06 1.33e-06
7.25e+07 4.90e-06 1.16e-06 1.01e-06 1.32e-06
7.40e+07 4.84e-06 1.15e-06 1.01e-06 1.31e-06
7.56e+07 4.77e-06 1.14e-06 9.98e-07 1.30e-06
7.72e+07 4.71e-06 1.13e-06 9.91e-07 1.29e-06
7.88e+07 4.65e-06 1.12e-06 9.84e-07 1.27e-06
8.04e+07 4.59e-06 1.11e-06 9.77e-07 1.26e-06
8.21e+07 4.53e-06 1.10e-06 9.69e-07 1.25e-06
8.38e+07 4.48e-06 1.09e-06 9.61e-07 1.24e-06
8.56e+07 4.42e-06 1.08e-06 9.54e-07 1.23e-06
8.74e+07 4.36e-06 1.08e-06 9.50e-07 1.22e-06
8.92e+07 4.31e-06 1.07e-06 9.45e-07 1.21e-06
9.11e+07 4.25e-06 1.06e-06 9.42e-07 1.20e-06
9.30e+07 4.20e-06 1.05e-06 9.37e-07 1.20e-06
9.50e+07 4.14e-06 1.04e-06 9.31e-07 1.19e-06
9.69e+07 4.09e-06 1.03e-06 9.26e-07 1.18e-06
9.90e+07 4.04e-06 1.02e-06 9.19e-07 1.17e-06
1.01e+08 3.98e-06 1.02e-06 9.15e-07 1.16e-06
1.03e+08 3.93e-06 1.01e-06 9.11e-07 1.15e-06
1.05e+08 3.88e-06 1.00e-06 9.08e-07 1.15e-06
1.08e+08 3.83e-06 9.93e-07 9.06e-07 1.14e-06
1.10e+08 3.78e-06 9.85e-07 8.97e-07 1.13e-06
1.12e+08 3.73e-06 9.78e-07 8.87e-07 1.12e-06
1.14e+08 3.68e-06 9.70e-07 8.80e-07 1.11e-06
1.17e+08 3.64e-06 9.62e-07 8.73e-07 1.10e-06
1.19e+08 3.59e-06 9.54e-07 8.67e-07 1.09e-06
1.22e+08 3.54e-06 9.47e-07 8.61e-07 1.08e-06
1.24e+08 3.50e-06 9.39e-07 8.55e-07 1.07e-06
1.27e+08 3.45e-06 9.32e-07 8.49e-07 1.06e-06
1.30e+08 3.41e-06 9.24e-07 8.43e-07 1.05e-06
1.32e+08 3.36e-06 9.17e-07 8.34e-07 1.04e-06
1.35e+08 3.32e-06 9.10e-07 8.26e-07 1.03e-06
1.38e+08 3.27e-06 9.03e-07 8.17e-07 1.02e-06
1.41e+08 3.23e-06 8.95e-07 8.08e-07 1.01e-06
1.44e+08 3.19e-06 8.88e-07 8.02e-07 1.00e-06
1.47e+08 3.14e-06 8.81e-07 7.94e-07 9.93e-07
1.50e+08 3.10e-06 8.74e-07 7.88e-07 9.85e-07
1.53e+08 3.06e-06 8.66e-07 7.82e-07 9.78e-07
1.56e+08 3.02e-06 8.59e-07 7.76e-07 9.70e-07
1.60e+08 2.98e-06 8.52e-07 7.69e-07 9.61e-07
1.63e+08 2.94e-06 8.45e-07 7.62e-07 9.53e-07
1.66e+08 2.90e-06 8.38e-07 7.55e-07 9.46e-07
1.70e+08 2.86e-06 8.32e-07 7.48e-07 9.37e-07
1.73e+08 2.82e-06 8.25e-07 7.39e-07 9.28e-07
1.77e+08 2.78e-06 8.18e-07 7.32e-07 9.20e-07
1.81e+08 2.74e-06 8.11e-07 7.26e-07 9.13e-07
1.84e+08 2.71e-06 8.04e-07 7.21e-07 9.07e-07
1.88e+08 2.67e-06 7.97e-07 7.15e-07 9.01e-07
1.92e+08 2.63e-06 7.90e-07 7.10e-07 8.95e-07
1.96e+08 2.60e-06 7.84e-07 7.04e-07 8.89e-07
2.00e+08 2.56e-06 7.77e-07 6.98e-07 8.83e-07
2.05e+08 2.52e-06 7.70e-07 6.93e-07 8.77e-07
2.09e+08 2.49e-06 7.64e-07 6.88e-07 8.72e-07
2.13e+08 2.45e-06 7.57e-07 6.82e-07 8.66e-07
2.18e+08 2.42e-06 7.50e-07 6.73e-07 8.57e-07
2.22e+08 2.39e-06 7.44e-07 6.66e-07 8.51e-07
2.27e+08 2.35e-06 7.37e-07 6.60e-07 8.45e-07
2.32e+08 2.32e-06 7.30e-07 6.54e-07 8.39e-07
2.36e+08 2.29e-06 7.24e-07 6.48e-07 8.32e-07
2.42e+08 2.25e-06 7.17e-07 6.41e-07 8.26e-07
2.46e+08 2.22e-06 7.10e-07 6.35e-07 8.21e-07
2.52e+08 2.19e-06 7.03e-07 6.27e-07 8.13e-07
2.57e+08 2.16e-06 6.97e-07 6.20e-07 8.06e-07
2.62e+08 2.13e-06 6.90e-07 6.15e-07 8.02e-07
2.68e+08 2.09e-06 6.83e-07 6.09e-07 7.96e-07
2.74e+08 2.07e-06 6.76e-07 6.02e-07 7.89e-07
2.79e+08 2.03e-06 6.70e-07 5.95e-07 7.82e-07
2.85e+08 2.00e-06 6.63e-07 5.87e-07 7.75e-07
2.91e+08 1.98e-06 6.56e-07 5.81e-07 7.70e-07
2.97e+08 1.95e-06 6.49e-07 5.76e-07 7.65e-07
3.03e+08 1.92e-06 6.43e-07 5.69e-07 7.58e-07
3.10e+08 1.89e-06 6.36e-07 5.61e-07 7.51e-07
3.16e+08 1.86e-06 6.29e-07 5.53e-07 7.44e-07
3.23e+08 1.83e-06 6.22e-07 5.45e-07 7.36e-07
3.30e+08 1.80e-06 6.16e-07 5.38e-07 7.29e-07
3.36e+08 1.77e-06 6.09e-07 5.31e-07 7.22e-07
3.44e+08 1.75e-06 6.02e-07 5.23e-07 7.15e-07
3.51e+08 1.72e-06 5.96e-07 5.16e-07 7.08e-07
3.58e+08 1.69e-06 5.89e-07 5.09e-07 7.01e-07
3.66e+08 1.67e-06 5.82e-07 5.00e-07 6.93e-07
3.73e+08 1.64e-06 5.76e-07 4.91e-07 6.84e-07
3.81e+08 1.61e-06 5.69e-07 4.86e-07 6.80e-07
3.89e+08 1.59e-06 5.62e-07 4.83e-07 6.76e-07
3.97e+08 1.56e-06 5.56e-07 4.78e-07 6.72e-07
4.06e+08 1.54e-06 5.49e-07 4.71e-07 6.65e-07
4.14e+08 1.51e-06 5.42e-07 4.64e-07 6.58e-07
4.23e+08 1.49e-06 5.36e-07 4.56e-07 6.50e-07
4.32e+08 1.46e-06 5.29e-07 4.49e-07 6.43e-07
4.41e+08 1.44e-06 5.22e-07 4.42e-07 6.36e-07
4.50e+08 1.42e-06 5.16e-07 4.34e-07 6.28e-07
4.59e+08 1.39e-06 5.09e-07 4.27e-07 6.21e-07
4.69e+08 1.37e-06 5.03e-07 4.20e-07 6.13e-07
4.79e+08 1.35e-06 4.96e-07 4.12e-07 6.05e-07
4.89e+08 1.32e-06 4.90e-07 4.04e-07 5.97e-07
4.99e+08 1.30e-06 4.83e-07 3.98e-07 5.90e-07
5.10e+08 1.28e-06 4.77e-07 3.92e-07 5.83e-07
5.20e+08 1.26e-06 4.70e-07 3.85e-07 5.76e-07
5.31e+08 1.23e-06 4.64e-07 3.78e-07 5.68e-07
5.42e+08 1.21e-06 4.57e-07 3.71e-07 5.61e-07
5.54e+08 1.19e-06 4.51e-07 3.64e-07 5.53e-07
5.65e+08 1.17e-06 4.44e-07 3.57e-07 5.45e-07
5.77e+08 1.15e-06 4.38e-07 3.50e-07 5.37e-07
5.89e+08 1.13e-06 4.32e-07 3.43e-07 5.29e-07
6.02e+08 1.11e-06 4.25e-07 3.36e-07 5.21e-07
6.14e+08 1.08e-06 4.19e-07 3.29e-07 5.14e-07
6.27e+08 1.06e-06 4.13e-07 3.23e-07 5.06e-07
6.40e+08 1.04e-06 4.06e-07 3.17e-07 4.99e-07
6.54e+08 1.02e-06 4.00e-07 3.11e-07 4.92e-07
6.67e+08 1.01e-06 3.94e-07 3.06e-07 4.85e-07
6.81e+08 9.86e-07 3.88e-07 3.01e-07 4.79e-07
6.96e+08 9.67e-07 3.82e-07 2.95e-07 4.72e-07
7.10e+08 9.48e-07 3.76e-07 2.89e-07 4.64e-07
7.25e+08 9.30e-07 3.70e-07 2.83e-07 4.57e-07
7.40e+08 9.11e-07 3.63e-07 2.78e-07 4.50e-07
7.56e+08 8.93e-07 3.58e-07 2.72e-07 4.42e-07
7.72e+08 8.75e-07 3.51e-07 2.66e-07 4.34e-07
7.88e+08 8.57e-07 3.46e-07 2.60e-07 4.27e-07
8.04e+08 8.40e-07 3.40e-07 2.55e-07 4.20e-07
8.21e+08 8.22e-07 3.34e-07 2.50e-07 4.13e-07
8.38e+08 8.05e-07 3.28e-07 2.45e-07 4.06e-07
8.56e+08 7.88e-07 3.22e-07 2.41e-07 4.00e-07
8.74e+08 7.72e-07 3.16e-07 2.36e-07 3.93e-07
8.92e+08 7.55e-07 3.11e-07 2.32e-07 3.87e-07
9.11e+08 7.39e-07 3.05e-07 2.26e-07 3.79e-07
9.30e+08 7.23e-07 2.99e-07 2.21e-07 3.71e-07
9.50e+08 7.07e-07 2.94e-07 2.17e-07 3.65e-07
9.69e+08 6.91e-07 2.88e-07 2.12e-07 3.58e-07
9.90e+08 6.76e-07 2.83e-07 2.07e-07 3.51e-07
1.01e+09 6.61e-07 2.77e-07 2.03e-07 3.45e-07
1.03e+09 6.46e-07 2.72e-07 1.99e-07 3.39e-07
1.05e+09 6.31e-07 2.66e-07 1.95e-07 3.32e-07
1.08e+09 6.16e-07 2.61e-07 1.91e-07 3.25e-07
1.10e+09 6.02e-07 2.56e-07 1.86e-07 3.18e-07
1.12e+09 5.88e-07 2.51e-07 1.81e-07 3.11e-07
1.14e+09 5.74e-07 2.45e-07 1.76e-07 3.03e-07
1.17e+09 5.60e-07 2.40e-07 1.71e-07 2.96e-07
1.19e+09 5.46e-07 2.35e-07 1.66e-07 2.88e-07
1.22e+09 5.33e-07 2.30e-07 1.61e-07 2.81e-07
1.24e+09 5.20e-07 2.25e-07 1.56e-07 2.74e-07
1.27e+09 5.07e-07 2.20e-07 1.52e-07 2.67e-07
1.30e+09 4.94e-07 2.15e-07 1.49e-07 2.61e-07
1.32e+09 4.81e-07 2.10e-07 1.45e-07 2.55e-07
1.35e+09 4.69e-07 2.06e-07 1.42e-07 2.49e-07
1.38e+09 4.57e-07 2.01e-07 1.38e-07 2.43e-07
1.41e+09 4.45e-07 1.96e-07 1.33e-07 2.36e-07
1.44e+09 4.33e-07 1.91e-07 1.31e-07 2.31e-07
1.47e+09 4.22e-07 1.87e-07 1.27e-07 2.25e-07
1.50e+09 4.10e-07 1.82e-07 1.23e-07 2.19e-07
1.53e+09 3.99e-07 1.78e-07 1.19e-07 2.13e-07
1.56e+09 3.88e-07 1.74e-07 1.16e-07 2.07e-07
1.60e+09 3.77e-07 1.69e-07 1.13e-07 2.01e-07
1.63e+09 3.67e-07 1.65e-07 1.10e-07 1.96e-07
1.66e+09 3.56e-07 1.61e-07 1.07e-07 1.91e-07
1.70e+09 3.46e-07 1.57e-07 1.04e-07 1.86e-07
1.73e+09 3.36e-07 1.52e-07 1.01e-07 1.81e-07
1.77e+09 3.26e-07 1.48e-07 9.83e-08 1.76e-07
1.81e+09 3.17e-07 1.44e-07 9.55e-08 1.71e-07
1.84e+09 3.07e-07 1.40e-07 9.28e-08 1.66e-07
1.88e+09 2.98e-07 1.37e-07 9.01e-08 1.61e-07
1.92e+09 2.89e-07 1.33e-07 8.69e-08 1.56e-07
1.96e+09 2.80e-07 1.29e-07 8.37e-08 1.51e-07
2.00e+09 2.71e-07 1.26e-07 8.11e-08 1.46e-07
2.05e+09 2.63e-07 1.22e-07 7.86e-08 1.42e-07
2.09e+09 2.55e-07 1.18e-07 7.64e-08 1.38e-07
2.13e+09 2.46e-07 1.15e-07 7.40e-08 1.34e-07
2.18e+09 2.39e-07 1.11e-07 7.13e-08 1.29e-07
2.22e+09 2.31e-07 1.08e-07 6.94e-08 1.25e-07
2.27e+09 2.23e-07 1.05e-07 6.70e-08 1.21e-07
2.32e+09 2.16e-07 1.02e-07 6.41e-08 1.17e-07
2.36e+09 2.08e-07 9.84e-08 6.09e-08 1.12e-07
2.42e+09 2.01e-07 9.53e-08 5.85e-08 1.08e-07
2.46e+09 1.94e-07 9.22e-08 5.66e-08 1.05e-07
2.52e+09 1.88e-07 8.93e-08 5.45e-08 1.01e-07
2.57e+09 1.81e-07 8.64e-08 5.21e-08 9.75e-08
2.62e+09 1.75e-07 8.35e-08 5.04e-08 9.45e-08
2.68e+09 1.68e-07 8.07e-08 4.85e-08 9.13e-08
2.74e+09 1.62e-07 7.80e-08 4.66e-08 8.81e-08
2.79e+09 1.56e-07 7.53e-08 4.51e-08 8.54e-08
2.85e+09 1.51e-07 7.27e-08 4.37e-08 8.28e-08
2.91e+09 1.45e-07 7.02e-08 4.25e-08 8.05e-08
2.97e+09 1.39e-07 6.77e-08 4.06e-08 7.74e-08
3.03e+09 1.34e-07 6.52e-08 3.92e-08 7.49e-08
3.10e+09 1.29e-07 6.29e-08 3.76e-08 7.23e-08
3.16e+09 1.24e-07 6.06e-08 3.60e-08 6.97e-08
3.23e+09 1.19e-07 5.83e-08 3.38e-08 6.65e-08
3.30e+09 1.14e-07 5.61e-08 3.15e-08 6.33e-08
3.36e+09 1.10e-07 5.40e-08 3.01e-08 6.10e-08
3.44e+09 1.05e-07 5.19e-08 2.90e-08 5.89e-08
3.51e+09 1.01e-07 4.99e-08 2.74e-08 5.65e-08
3.58e+09 9.66e-08 4.79e-08 2.60e-08 5.42e-08
3.66e+09 9.26e-08 4.60e-08 2.49e-08 5.23e-08
3.73e+09 8.86e-08 4.42e-08 2.38e-08 5.04e-08
3.81e+09 8.48e-08 4.24e-08 2.28e-08 4.86e-08
3.89e+09 8.11e-08 4.06e-08 2.18e-08 4.68e-08
3.97e+09 7.76e-08 3.89e-08 2.08e-08 4.51e-08
4.06e+09 7.41e-08 3.73e-08 1.99e-08 4.35e-08
4.14e+09 7.08e-08 3.57e-08 1.91e-08 4.19e-08
4.23e+09 6.76e-08 3.42e-08 1.80e-08 4.01e-08
4.32e+09 6.45e-08 3.27e-08 1.69e-08 3.83e-08
4.41e+09 6.15e-08 3.12e-08 1.57e-08 3.65e-08
4.50e+09 5.86e-08 2.98e-08 1.47e-08 3.48e-08
4.59e+09 5.59e-08 2.85e-08 1.40e-08 3.35e-08
4.69e+09 5.32e-08 2.72e-08 1.34e-08 3.22e-08
4.79e+09 5.06e-08 2.59e-08 1.25e-08 3.08e-08
4.89e+09 4.81e-08 2.47e-08 1.17e-08 2.94e-08
4.99e+09 4.58e-08 2.36e-08 1.10e-08 2.81e-08
5.10e+09 4.35e-08 2.24e-08 1.04e-08 2.69e-08
5.20e+09 4.13e-08 2.13e-08 9.74e-09 2.57e-08
5.31e+09 3.92e-08 2.03e-08 9.06e-09 2.45e-08
5.42e+09 3.72e-08 1.93e-08 8.31e-09 2.32e-08
5.54e+09 3.52e-08 1.83e-08 7.49e-09 2.19e-08
5.65e+09 3.34e-08 1.74e-08 6.75e-09 2.06e-08
5.77e+09 3.16e-08 1.65e-08 6.16e-09 1.95e-08
5.89e+09 2.99e-08 1.57e-08 5.61e-09 1.85e-08
6.02e+09 2.83e-08 1.49e-08 5.09e-09 1.75e-08
6.14e+09 2.67e-08 1.41e-08 4.69e-09 1.66e-08
6.27e+09 2.53e-08 1.33e-08 4.30e-09 1.58e-08
6.40e+09 2.38e-08 1.26e-08 3.95e-09 1.50e-08
6.54e+09 2.25e-08 1.19e-08 3.63e-09 1.43e-08
6.67e+09 2.12e-08 1.12e-08 3.29e-09 1.35e-08
6.81e+09 2.00e-08 1.06e-08 2.98e-09 1.28e-08
6.96e+09 1.88e-08 1.00e-08 2.71e-09 1.21e-08
7.10e+09 1.77e-08 9.46e-09 2.52e-09 1.16e-08
7.25e+09 1.67e-08 8.91e-09 2.34e-09 1.10e-08
7.40e+09 1.57e-08 8.39e-09 2.12e-09 1.05e-08
7.56e+09 1.47e-08 7.90e-09 1.92e-09 9.90e-09
7.72e+09 1.38e-08 7.43e-09 1.73e-09 9.38e-09
7.88e+09 1.29e-08 6.98e-09 1.55e-09 8.88e-09
8.04e+09 1.21e-08 6.56e-09 1.39e-09 8.40e-09
8.21e+09 1.14e-08 6.16e-09 1.24e-09 7.95e-09
8.38e+09 1.06e-08 5.78e-09 1.10e-09 7.52e-09
8.56e+09 9.95e-09 5.41e-09 9.85e-10 7.12e-09
8.74e+09 9.30e-09 5.07e-09 8.56e-10 6.72e-09
8.92e+09 8.69e-09 4.75e-09 7.38e-10 6.33e-09
9.11e+09 8.11e-09 4.44e-09 6.10e-10 5.95e-09
9.30e+09 7.57e-09 4.15e-09 4.83e-10 5.58e-09
9.50e+09 7.06e-09 3.88e-09 3.79e-10 5.24e-09
9.69e+09 6.58e-09 3.62e-09 2.92e-10 4.92e-09
9.90e+09 6.12e-09 3.38e-09 2.15e-10 4.63e-09
1.01e+10 5.70e-09 3.15e-09 1.49e-10 4.35e-09
1.03e+10 5.30e-09 2.94e-09 9.75e-11 4.10e-09
1.05e+10 4.93e-09 2.73e-09 5.22e-11 3.86e-09
1.08e+10 4.57e-09 2.54e-09 -5.56e-12 3.61e-09
1.10e+10 4.25e-09 2.37e-09 -2.84e-11 3.41e-09
1.12e+10 3.94e-09 2.20e-09 -4.80e-11 3.22e-09
1.14e+10 3.65e-09 2.04e-09 -8.11e-11 3.02e-09
1.17e+10 3.38e-09 1.90e-09 -1.00e-10 2.84e-09
1.19e+10 3.13e-09 1.76e-09 -1.34e-10 2.66e-09
1.22e+10 2.90e-09 1.63e-09 -1.56e-10 2.49e-09
1.24e+10 2.68e-09 1.51e-09 -1.63e-10 2.34e-09
1.27e+10 2.48e-09 1.40e-09 -1.68e-10 2.21e-09
1.30e+10 2.29e-09 1.29e-09 -1.73e-10 2.08e-09
1.32e+10 2.11e-09 1.20e-09 -1.77e-10 1.95e-09
1.35e+10 1.95e-09 1.11e-09 -1.88e-10 1.82e-09
1.38e+10 1.80e-09 1.02e-09 -1.90e-10 1.71e-09
1.41e+10 1.66e-09 9.45e-10 -1.97e-10 1.60e-09
1.44e+10 1.53e-09 8.72e-10 -2.03e-10 1.49e-09
1.47e+10 1.41e-09 8.05e-10 -2.08e-10 1.39e-09
1.50e+10 1.29e-09 7.43e-10 -2.06e-10 1.31e-09
1.53e+10 1.19e-09 6.85e-10 -2.03e-10 1.22e-09
1.56e+10 1.10e-09 6.31e-10 -1.99e-10 1.14e-09
1.60e+10 1.01e-09 5.82e-10 -1.95e-10 1.07e-09
1.63e+10 9.28e-10 5.36e-10 -1.92e-10 9.99e-10
1.66e+10 8.53e-10 4.94e-10 -1.90e-10 9.32e-10
1.70e+10 7.85e-10 4.55e-10 -1.86e-10 8.69e-10
1.73e+10 7.22e-10 4.19e-10 -1.80e-10 8.12e-10
1.77e+10 6.64e-10 3.86e-10 -1.71e-10 7.61e-10
1.81e+10 6.10e-10 3.56e-10 -1.62e-10 7.14e-10
1.84e+10 5.61e-10 3.28e-10 -1.53e-10 6.69e-10
1.88e+10 5.17e-10 3.02e-10 -1.46e-10 6.27e-10
1.92e+10 4.76e-10 2.79e-10 -1.39e-10 5.86e-10
1.96e+10 4.38e-10 2.57e-10 -1.32e-10 5.48e-10
2.00e+10 4.04e-10 2.38e-10 -1.25e-10 5.12e-10
2.05e+10 3.72e-10 2.19e-10 -1.18e-10 4.79e-10
2.09e+10 3.43e-10 2.03e-10 -1.11e-10 4.48e-10
2.13e+10 3.17e-10 1.87e-10 -1.04e-10 4.19e-10
2.18e+10 2.93e-10 1.73e-10 -9.78e-11 3.91e-10
2.22e+10 2.71e-10 1.61e-10 -9.15e-11 3.66e-10
2.27e+10 2.51e-10 1.49e-10 -8.53e-11 3.42e-10
2.32e+10 2.32e-10 1.38e-10 -7.93e-11 3.20e-10
2.36e+10 2.16e-10 1.29e-10 -7.36e-11 3.00e-10
2.42e+10 2.00e-10 1.20e-10 -6.84e-11 2.80e-10
2.46e+10 1.86e-10 1.12e-10 -6.35e-11 2.62e-10
2.52e+10 1.73e-10 1.04e-10 -5.87e-11 2.44e-10
2.57e+10 1.62e-10 9.73e-11 -5.42e-11 2.29e-10
2.62e+10 1.51e-10 9.10e-11 -4.98e-11 2.14e-10
2.68e+10 1.41e-10 8.52e-11 -4.57e-11 2.00e-10
2.74e+10 1.32e-10 8.00e-11 -4.16e-11 1.87e-10
2.79e+10 1.24e-10 7.51e-11 -3.76e-11 1.75e-10
2.85e+10 1.16e-10 7.06e-11 -3.38e-11 1.64e-10
2.91e+10 1.09e-10 6.65e-11 -3.02e-11 1.54e-10
2.97e+10 1.03e-10 6.27e-11 -2.68e-11 1.44e-10
3.03e+10 9.72e-11 5.92e-11 -2.36e-11 1.36e-10
3.10e+10 9.17e-11 5.60e-11 -2.06e-11 1.28e-10
3.16e+10 8.67e-11 5.31e-11 -1.77e-11 1.20e-10
3.23e+10 8.21e-11 5.03e-11 -1.53e-11 1.12e-10
3.30e+10 7.78e-11 4.78e-11 -1.31e-11 1.06e-10
3.36e+10 7.38e-11 4.54e-11 -1.09e-11 9.92e-11
3.44e+10 7.01e-11 4.32e-11 -8.84e-12 9.32e-11
3.51e+10 6.67e-11 4.12e-11 -6.96e-12 8.77e-11
3.58e+10 6.35e-11 3.93e-11 -5.23e-12 8.25e-11
3.66e+10 6.06e-11 3.75e-11 -3.64e-12 7.77e-11
3.73e+10 5.78e-11 3.58e-11 -2.22e-12 7.31e-11
3.81e+10 5.52e-11 3.43e-11 -9.44e-13 6.88e-11
3.89e+10 5.27e-11 3.28e-11 2.30e-13 6.49e-11
3.97e+10 5.04e-11 3.14e-11 1.28e-12 6.11e-11
4.06e+10 4.82e-11 3.01e-11 2.24e-12 5.76e-11
4.14e+10 4.62e-11 2.89e-11 3.10e-12 5.43e-11
4.23e+10 4.42e-11 2.77e-11 3.88e-12 5.13e-11
4.32e+10 4.24e-11 2.66e-11 4.56e-12 4.84e-11
4.41e+10 4.06e-11 2.55e-11 5.18e-12 4.57e-11
4.50e+10 3.90e-11 2.45e-11 5.70e-12 4.32e-11
4.59e+10 3.74e-11 2.36e-11 6.15e-12 4.08e-11
4.69e+10 3.59e-11 2.27e-11 6.58e-12 3.86e-11
4.79e+10 3.45e-11 2.18e-11 6.95e-12 3.66e-11
4.89e+10 3.31e-11 2.10e-11 7.27e-12 3.46e-11
4.99e+10 3.18e-11 2.02e-11 7.53e-12 3.28e-11
5.10e+10 3.05e-11 1.94e-11 7.75e-12 3.11e-11
5.20e+10 2.94e-11 1.87e-11 7.92e-12 2.95e-11
5.31e+10 2.82e-11 1.80e-11 8.06e-12 2.80e-11
5.42e+10 2.71e-11 1.73e-11 8.16e-12 2.66e-11
5.54e+10 2.61e-11 1.67e-11 8.21e-12 2.52e-11
5.65e+10 2.51e-11 1.61e-11 8.24e-12 2.40e-11
5.77e+10 2.41e-11 1.55e-11 8.24e-12 2.28e-11
5.89e+10 2.32e-11 1.49e-11 8.22e-12 2.17e-11
6.02e+10 2.23e-11 1.44e-11 8.18e-12 2.06e-11
6.14e+10 2.15e-11 1.39e-11 8.13e-12 1.96e-11
6.27e+10 2.07e-11 1.34e-11 8.05e-12 1.87e-11
6.40e+10 1.99e-11 1.29e-11 7.97e-12 1.78e-11
6.54e+10 1.91e-11 1.24e-11 7.87e-12 1.70e-11
6.67e+10 1.84e-11 1.20e-11 7.76e-12 1.62e-11
6.81e+10 1.77e-11 1.15e-11 7.65e-12 1.54e-11
6.96e+10 1.71e-11 1.11e-11 7.52e-12 1.47e-11
7.10e+10 1.64e-11 1.07e-11 7.38e-12 1.41e-11
7.25e+10 1.58e-11 1.03e-11 7.24e-12 1.35e-11
7.40e+10 1.52e-11 9.96e-12 7.09e-12 1.29e-11
7.56e+10 1.46e-11 9.60e-12 6.93e-12 1.23e-11
7.72e+10 1.41e-11 9.25e-12 6.76e-12 1.17e-11
7.88e+10 1.35e-11 8.91e-12 6.60e-12 1.12e-11
8.04e+10 1.30e-11 8.58e-12 6.43e-12 1.07e-11
8.21e+10 1.25e-11 8.27e-12 6.27e-12 1.03e-11
8.38e+10 1.21e-11 7.97e-12 6.10e-12 9.83e-12
8.56e+10 1.16e-11 7.67e-12 5.93e-12 9.40e-12
8.74e+10 1.11e-11 7.39e-12 5.77e-12 9.01e-12
8.92e+10 1.07e-11 7.12e-12 5.60e-12 8.63e-12
9.11e+10 1.03e-11 6.86e-12 5.44e-12 8.27e-12
9.30e+10 9.93e-12 6.61e-12 5.28e-12 7.93e-12
9.50e+10 9.55e-12 6.37e-12 5.13e-12 7.60e-12
9.69e+10 9.19e-12 6.14e-12 4.97e-12 7.29e-12
9.90e+10 8.84e-12 5.91e-12 4.82e-12 6.99e-12
