M phi_tot phi_unobs phi_low phi_up
1.01e+02 0.00e+00 0.00e+00 nan nan
1.03e+02 0.00e+00 0.00e+00 nan nan
1.05e+02 0.00e+00 0.00e+00 nan nan
1.08e+02 0.00e+00 0.00e+00 nan nan
1.10e+02 0.00e+00 0.00e+00 nan nan
1.12e+02 0.00e+00 0.00e+00 nan nan
1.14e+02 0.00e+00 0.00e+00 nan nan
1.17e+02 0.00e+00 0.00e+00 nan nan
1.19e+02 0.00e+00 0.00e+00 nan nan
1.22e+02 0.00e+00 0.00e+00 nan nan
1.24e+02 0.00e+00 0.00e+00 nan nan
1.27e+02 0.00e+00 0.00e+00 nan nan
1.30e+02 0.00e+00 0.00e+00 nan nan
1.32e+02 0.00e+00 0.00e+00 nan nan
1.35e+02 0.00e+00 0.00e+00 nan nan
1.38e+02 0.00e+00 0.00e+00 nan nan
1.41e+02 0.00e+00 0.00e+00 nan nan
1.44e+02 0.00e+00 0.00e+00 nan nan
1.47e+02 0.00e+00 0.00e+00 nan nan
1.50e+02 0.00e+00 0.00e+00 nan nan
1.53e+02 0.00e+00 0.00e+00 nan nan
1.56e+02 0.00e+00 0.00e+00 nan nan
1.60e+02 0.00e+00 0.00e+00 nan nan
1.63e+02 0.00e+00 0.00e+00 nan nan
1.66e+02 0.00e+00 0.00e+00 nan nan
1.70e+02 0.00e+00 0.00e+00 nan nan
1.73e+02 0.00e+00 0.00e+00 nan nan
1.77e+02 0.00e+00 0.00e+00 nan nan
1.81e+02 0.00e+00 0.00e+00 nan nan
1.84e+02 0.00e+00 0.00e+00 nan nan
1.88e+02 0.00e+00 0.00e+00 nan nan
1.92e+02 0.00e+00 0.00e+00 nan nan
1.96e+02 0.00e+00 0.00e+00 nan nan
2.00e+02 0.00e+00 0.00e+00 nan nan
2.05e+02 0.00e+00 0.00e+00 nan nan
2.09e+02 0.00e+00 0.00e+00 nan nan
2.13e+02 0.00e+00 0.00e+00 nan nan
2.18e+02 0.00e+00 0.00e+00 nan nan
2.22e+02 0.00e+00 0.00e+00 nan nan
2.27e+02 0.00e+00 0.00e+00 nan nan
2.32e+02 0.00e+00 0.00e+00 nan nan
2.36e+02 0.00e+00 0.00e+00 nan nan
2.42e+02 0.00e+00 0.00e+00 nan nan
2.46e+02 0.00e+00 0.00e+00 nan nan
2.52e+02 0.00e+00 0.00e+00 nan nan
2.57e+02 0.00e+00 0.00e+00 nan nan
2.62e+02 0.00e+00 0.00e+00 nan nan
2.68e+02 0.00e+00 0.00e+00 nan nan
2.74e+02 0.00e+00 0.00e+00 nan nan
2.79e+02 0.00e+00 0.00e+00 nan nan
2.85e+02 0.00e+00 0.00e+00 nan nan
2.91e+02 0.00e+00 0.00e+00 nan nan
2.97e+02 0.00e+00 0.00e+00 nan nan
3.03e+02 1.01e-33 1.61e-34 -4.76e-35 4.76e-35
3.10e+02 1.30e-32 2.08e-33 -3.04e-33 3.37e-33
3.16e+02 9.01e-32 1.44e-32 -2.07e-32 2.41e-32
3.23e+02 4.71e-31 7.54e-32 -1.08e-31 1.28e-31
3.30e+02 2.13e-30 3.41e-31 -4.77e-31 5.73e-31
3.36e+02 9.00e-30 1.44e-30 -1.96e-30 2.38e-30
3.44e+02 3.74e-29 5.99e-30 -8.05e-30 9.81e-30
3.51e+02 1.57e-28 2.52e-29 -3.38e-29 4.12e-29
3.58e+02 6.49e-28 1.04e-28 -1.45e-28 1.75e-28
3.66e+02 2.53e-27 4.04e-28 -5.60e-28 6.82e-28
3.73e+02 9.00e-27 1.44e-27 -2.02e-27 2.47e-27
3.81e+02 2.87e-26 4.59e-27 -6.24e-27 7.81e-27
3.89e+02 8.19e-26 1.31e-26 -1.69e-26 2.18e-26
3.97e+02 2.16e-25 3.45e-26 -4.24e-26 5.62e-26
4.06e+02 5.43e-25 8.68e-26 -1.03e-25 1.39e-25
4.14e+02 1.33e-24 2.13e-25 -2.49e-25 3.40e-25
4.23e+02 3.23e-24 5.17e-25 -6.03e-25 8.26e-25
4.32e+02 7.76e-24 1.24e-24 -1.43e-24 1.97e-24
4.41e+02 1.85e-23 2.96e-24 -3.40e-24 4.70e-24
4.50e+02 4.36e-23 6.97e-24 -8.00e-24 1.11e-23
4.59e+02 1.00e-22 1.60e-23 -1.81e-23 2.53e-23
4.69e+02 2.20e-22 3.52e-23 -3.86e-23 5.51e-23
4.79e+02 4.61e-22 7.38e-23 -7.75e-23 1.14e-22
4.89e+02 9.26e-22 1.48e-22 -1.49e-22 2.24e-22
4.99e+02 1.79e-21 2.87e-22 -2.78e-22 4.30e-22
5.10e+02 3.38e-21 5.40e-22 -5.07e-22 8.00e-22
5.20e+02 6.23e-21 9.97e-22 -9.12e-22 1.47e-21
5.31e+02 1.14e-20 1.82e-21 -1.63e-21 2.66e-21
5.42e+02 2.06e-20 3.29e-21 -2.94e-21 4.81e-21
5.54e+02 3.70e-20 5.92e-21 -5.23e-21 8.63e-21
5.65e+02 6.56e-20 1.05e-20 -9.13e-21 1.52e-20
5.77e+02 1.14e-19 1.83e-20 -1.55e-20 2.64e-20
5.89e+02 1.95e-19 3.13e-20 -2.58e-20 4.47e-20
6.02e+02 3.27e-19 5.23e-20 -4.17e-20 7.40e-20
6.14e+02 5.35e-19 8.57e-20 -6.61e-20 1.20e-19
6.27e+02 8.63e-19 1.38e-19 -1.04e-19 1.93e-19
6.40e+02 1.37e-18 2.19e-19 -1.60e-19 3.04e-19
6.54e+02 2.15e-18 3.44e-19 -2.46e-19 4.74e-19
6.67e+02 3.34e-18 5.34e-19 -3.74e-19 7.32e-19
6.81e+02 5.14e-18 8.23e-19 -5.67e-19 1.12e-18
6.96e+02 7.86e-18 1.26e-18 -8.53e-19 1.71e-18
7.10e+02 1.19e-17 1.90e-18 -1.27e-18 2.57e-18
7.25e+02 1.78e-17 2.85e-18 -1.85e-18 3.83e-18
7.40e+02 2.63e-17 4.22e-18 -2.68e-18 5.63e-18
7.56e+02 3.86e-17 6.18e-18 -3.84e-18 8.21e-18
7.72e+02 5.60e-17 8.95e-18 -5.43e-18 1.18e-17
7.88e+02 8.04e-17 1.29e-17 -7.61e-18 1.69e-17
8.04e+02 1.15e-16 1.83e-17 -1.06e-17 2.40e-17
8.21e+02 1.62e-16 2.59e-17 -1.47e-17 3.38e-17
8.38e+02 2.28e-16 3.64e-17 -2.03e-17 4.73e-17
8.56e+02 3.18e-16 5.09e-17 -2.80e-17 6.60e-17
8.74e+02 4.42e-16 7.08e-17 -3.82e-17 9.14e-17
8.92e+02 6.11e-16 9.78e-17 -5.19e-17 1.26e-16
9.11e+02 8.39e-16 1.34e-16 -6.98e-17 1.72e-16
9.30e+02 1.14e-15 1.83e-16 -9.34e-17 2.34e-16
9.50e+02 1.55e-15 2.48e-16 -1.24e-16 3.16e-16
9.69e+02 2.09e-15 3.35e-16 -1.65e-16 4.26e-16
9.90e+02 2.81e-15 4.50e-16 -2.17e-16 5.70e-16
1.01e+03 3.76e-15 6.02e-16 -2.86e-16 7.61e-16
1.03e+03 5.01e-15 8.01e-16 -3.75e-16 1.01e-15
1.05e+03 6.64e-15 1.06e-15 -4.90e-16 1.34e-15
1.08e+03 8.78e-15 1.40e-15 -6.38e-16 1.77e-15
1.10e+03 1.16e-14 1.85e-15 -8.28e-16 2.32e-15
1.12e+03 1.52e-14 2.43e-15 -1.07e-15 3.04e-15
1.14e+03 1.98e-14 3.17e-15 -1.38e-15 3.97e-15
1.17e+03 2.59e-14 4.14e-15 -1.77e-15 5.16e-15
1.19e+03 3.36e-14 5.37e-15 -2.26e-15 6.69e-15
1.22e+03 4.35e-14 6.96e-15 -2.89e-15 8.65e-15
1.24e+03 5.62e-14 8.99e-15 -3.70e-15 1.12e-14
1.27e+03 7.24e-14 1.16e-14 -4.70e-15 1.44e-14
1.30e+03 9.30e-14 1.49e-14 -5.93e-15 1.84e-14
1.32e+03 1.19e-13 1.90e-14 -7.47e-15 2.35e-14
1.35e+03 1.52e-13 2.43e-14 -9.42e-15 3.00e-14
1.38e+03 1.94e-13 3.10e-14 -1.19e-14 3.82e-14
1.41e+03 2.46e-13 3.94e-14 -1.49e-14 4.85e-14
1.44e+03 3.12e-13 4.99e-14 -1.86e-14 6.13e-14
1.47e+03 3.94e-13 6.31e-14 -2.32e-14 7.74e-14
1.50e+03 4.97e-13 7.95e-14 -2.88e-14 9.75e-14
1.53e+03 6.25e-13 9.99e-14 -3.56e-14 1.22e-13
1.56e+03 7.83e-13 1.25e-13 -4.39e-14 1.53e-13
1.60e+03 9.79e-13 1.57e-13 -5.42e-14 1.91e-13
1.63e+03 1.22e-12 1.95e-13 -6.66e-14 2.38e-13
1.66e+03 1.52e-12 2.43e-13 -8.13e-14 2.96e-13
1.70e+03 1.88e-12 3.01e-13 -9.87e-14 3.66e-13
1.73e+03 2.33e-12 3.72e-13 -1.19e-13 4.52e-13
1.77e+03 2.87e-12 4.58e-13 -1.44e-13 5.55e-13
1.81e+03 3.52e-12 5.63e-13 -1.73e-13 6.81e-13
1.84e+03 4.31e-12 6.90e-13 -2.09e-13 8.34e-13
1.88e+03 5.27e-12 8.44e-13 -2.52e-13 1.02e-12
1.92e+03 6.44e-12 1.03e-12 -3.02e-13 1.24e-12
1.96e+03 7.84e-12 1.25e-12 -3.61e-13 1.51e-12
2.00e+03 9.52e-12 1.52e-12 -4.31e-13 1.83e-12
2.05e+03 1.15e-11 1.84e-12 -5.12e-13 2.22e-12
2.09e+03 1.39e-11 2.23e-12 -6.06e-13 2.67e-12
2.13e+03 1.68e-11 2.69e-12 -7.14e-13 3.22e-12
2.18e+03 2.02e-11 3.23e-12 -8.41e-13 3.86e-12
2.22e+03 2.42e-11 3.87e-12 -9.89e-13 4.62e-12
2.27e+03 2.90e-11 4.63e-12 -1.16e-12 5.53e-12
2.32e+03 3.46e-11 5.54e-12 -1.36e-12 6.60e-12
2.36e+03 4.13e-11 6.60e-12 -1.60e-12 7.86e-12
2.42e+03 4.91e-11 7.86e-12 -1.86e-12 9.34e-12
2.46e+03 5.83e-11 9.33e-12 -2.15e-12 1.11e-11
2.52e+03 6.90e-11 1.10e-11 -2.49e-12 1.31e-11
2.57e+03 8.15e-11 1.30e-11 -2.86e-12 1.54e-11
2.62e+03 9.60e-11 1.54e-11 -3.29e-12 1.82e-11
2.68e+03 1.13e-10 1.81e-11 -3.77e-12 2.14e-11
2.74e+03 1.33e-10 2.12e-11 -4.30e-12 2.51e-11
2.79e+03 1.55e-10 2.48e-11 -4.90e-12 2.93e-11
2.85e+03 1.81e-10 2.90e-11 -5.56e-12 3.42e-11
2.91e+03 2.11e-10 3.38e-11 -6.30e-12 3.99e-11
2.97e+03 2.46e-10 3.94e-11 -7.12e-12 4.64e-11
3.03e+03 2.86e-10 4.58e-11 -8.02e-12 5.38e-11
3.10e+03 3.32e-10 5.31e-11 -9.02e-12 6.24e-11
3.16e+03 3.84e-10 6.14e-11 -1.01e-11 7.21e-11
3.23e+03 4.43e-10 7.09e-11 -1.13e-11 8.33e-11
3.30e+03 5.11e-10 8.18e-11 -1.26e-11 9.60e-11
3.36e+03 5.88e-10 9.41e-11 -1.40e-11 1.10e-10
3.44e+03 6.76e-10 1.08e-10 -1.55e-11 1.27e-10
3.51e+03 7.75e-10 1.24e-10 -1.71e-11 1.45e-10
3.58e+03 8.86e-10 1.42e-10 -1.88e-11 1.66e-10
3.66e+03 1.01e-09 1.62e-10 -2.06e-11 1.89e-10
3.73e+03 1.16e-09 1.85e-10 -2.25e-11 2.16e-10
3.81e+03 1.31e-09 2.10e-10 -2.44e-11 2.46e-10
3.89e+03 1.49e-09 2.39e-10 -2.64e-11 2.79e-10
3.97e+03 1.69e-09 2.71e-10 -2.84e-11 3.16e-10
4.06e+03 1.92e-09 3.07e-10 -3.04e-11 3.58e-10
4.14e+03 2.17e-09 3.47e-10 -3.25e-11 4.04e-10
4.23e+03 2.44e-09 3.91e-10 -3.46e-11 4.56e-10
4.32e+03 2.75e-09 4.40e-10 -3.66e-11 5.13e-10
4.41e+03 3.10e-09 4.95e-10 -3.86e-11 5.77e-10
4.50e+03 3.48e-09 5.56e-10 -4.06e-11 6.48e-10
4.59e+03 3.90e-09 6.24e-10 -4.24e-11 7.27e-10
4.69e+03 4.37e-09 6.99e-10 -4.40e-11 8.14e-10
4.79e+03 4.89e-09 7.82e-10 -4.53e-11 9.10e-10
4.89e+03 5.46e-09 8.73e-10 -4.61e-11 1.02e-09
4.99e+03 6.09e-09 9.74e-10 -4.64e-11 1.13e-09
5.10e+03 6.78e-09 1.08e-09 -4.62e-11 1.26e-09
5.20e+03 7.53e-09 1.21e-09 -4.51e-11 1.40e-09
5.31e+03 8.37e-09 1.34e-09 -4.35e-11 1.56e-09
5.42e+03 9.28e-09 1.48e-09 -4.06e-11 1.72e-09
5.54e+03 1.03e-08 1.64e-09 -3.70e-11 1.91e-09
5.65e+03 1.14e-08 1.82e-09 -3.20e-11 2.11e-09
5.77e+03 1.25e-08 2.01e-09 -2.54e-11 2.33e-09
5.89e+03 1.38e-08 2.21e-09 -1.70e-11 2.57e-09
6.02e+03 1.53e-08 2.44e-09 -6.40e-12 2.83e-09
6.14e+03 1.68e-08 2.69e-09 6.40e-12 3.12e-09
6.27e+03 1.84e-08 2.95e-09 2.08e-11 3.42e-09
6.40e+03 2.02e-08 3.24e-09 3.84e-11 3.76e-09
6.54e+03 2.22e-08 3.55e-09 6.08e-11 4.12e-09
6.67e+03 2.43e-08 3.89e-09 8.48e-11 4.51e-09
6.81e+03 2.66e-08 4.25e-09 1.14e-10 4.93e-09
6.96e+03 2.90e-08 4.65e-09 1.46e-10 5.39e-09
7.10e+03 3.17e-08 5.07e-09 1.82e-10 5.88e-09
7.25e+03 3.46e-08 5.53e-09 2.24e-10 6.41e-09
7.40e+03 3.76e-08 6.02e-09 2.74e-10 6.98e-09
7.56e+03 4.09e-08 6.55e-09 3.30e-10 7.60e-09
7.72e+03 4.45e-08 7.12e-09 3.90e-10 8.26e-09
7.88e+03 4.83e-08 7.73e-09 4.61e-10 8.96e-09
8.04e+03 5.24e-08 8.38e-09 5.39e-10 9.72e-09
8.21e+03 5.68e-08 9.08e-09 6.27e-10 1.05e-08
8.38e+03 6.14e-08 9.83e-09 7.26e-10 1.14e-08
8.56e+03 6.64e-08 1.06e-08 8.35e-10 1.23e-08
8.74e+03 7.18e-08 1.15e-08 9.58e-10 1.33e-08
8.92e+03 7.75e-08 1.24e-08 1.09e-09 1.44e-08
9.11e+03 8.35e-08 1.34e-08 1.24e-09 1.55e-08
9.30e+03 9.00e-08 1.44e-08 1.40e-09 1.67e-08
9.50e+03 9.69e-08 1.55e-08 1.58e-09 1.80e-08
9.69e+03 1.04e-07 1.67e-08 1.78e-09 1.94e-08
9.90e+03 1.12e-07 1.79e-08 1.99e-09 2.08e-08
1.01e+04 1.20e-07 1.92e-08 2.22e-09 2.23e-08
1.03e+04 1.29e-07 2.06e-08 2.48e-09 2.40e-08
1.05e+04 1.38e-07 2.21e-08 2.75e-09 2.57e-08
1.08e+04 1.48e-07 2.37e-08 3.05e-09 2.75e-08
1.10e+04 1.58e-07 2.53e-08 3.39e-09 2.95e-08
1.12e+04 1.69e-07 2.71e-08 3.74e-09 3.15e-08
1.14e+04 1.81e-07 2.89e-08 4.11e-09 3.37e-08
1.17e+04 1.93e-07 3.09e-08 4.52e-09 3.59e-08
1.19e+04 2.06e-07 3.30e-08 4.96e-09 3.84e-08
1.22e+04 2.20e-07 3.51e-08 5.46e-09 4.09e-08
1.24e+04 2.34e-07 3.74e-08 5.98e-09 4.36e-08
1.27e+04 2.49e-07 3.98e-08 6.53e-09 4.64e-08
1.30e+04 2.65e-07 4.24e-08 7.12e-09 4.94e-08
1.32e+04 2.81e-07 4.50e-08 7.76e-09 5.25e-08
1.35e+04 2.99e-07 4.78e-08 8.46e-09 5.57e-08
1.38e+04 3.17e-07 5.07e-08 9.18e-09 5.92e-08
1.41e+04 3.36e-07 5.38e-08 9.97e-09 6.28e-08
1.44e+04 3.56e-07 5.70e-08 1.08e-08 6.65e-08
1.47e+04 3.78e-07 6.04e-08 1.17e-08 7.05e-08
1.50e+04 4.00e-07 6.40e-08 1.26e-08 7.46e-08
1.53e+04 4.23e-07 6.77e-08 1.36e-08 7.90e-08
1.56e+04 4.47e-07 7.15e-08 1.47e-08 8.35e-08
1.60e+04 4.72e-07 7.56e-08 1.59e-08 8.82e-08
1.63e+04 4.99e-07 7.98e-08 1.71e-08 9.32e-08
1.66e+04 5.26e-07 8.42e-08 1.84e-08 9.83e-08
1.70e+04 5.55e-07 8.88e-08 1.97e-08 1.04e-07
1.73e+04 5.85e-07 9.36e-08 2.12e-08 1.09e-07
1.77e+04 6.16e-07 9.86e-08 2.27e-08 1.15e-07
1.81e+04 6.49e-07 1.04e-07 2.43e-08 1.21e-07
1.84e+04 6.82e-07 1.09e-07 2.60e-08 1.28e-07
1.88e+04 7.18e-07 1.15e-07 2.78e-08 1.34e-07
1.92e+04 7.54e-07 1.21e-07 2.97e-08 1.41e-07
1.96e+04 7.92e-07 1.27e-07 3.16e-08 1.48e-07
2.00e+04 8.32e-07 1.33e-07 3.37e-08 1.56e-07
2.05e+04 8.73e-07 1.40e-07 3.59e-08 1.63e-07
2.09e+04 9.16e-07 1.46e-07 3.82e-08 1.71e-07
2.13e+04 9.60e-07 1.54e-07 4.07e-08 1.80e-07
2.18e+04 1.01e-06 1.61e-07 4.32e-08 1.88e-07
2.22e+04 1.05e-06 1.69e-07 4.59e-08 1.97e-07
2.27e+04 1.10e-06 1.76e-07 4.88e-08 2.06e-07
2.32e+04 1.15e-06 1.84e-07 5.17e-08 2.16e-07
2.36e+04 1.21e-06 1.93e-07 5.48e-08 2.26e-07
2.42e+04 1.26e-06 2.02e-07 5.81e-08 2.36e-07
2.46e+04 1.32e-06 2.11e-07 6.15e-08 2.47e-07
2.52e+04 1.37e-06 2.20e-07 6.52e-08 2.58e-07
2.57e+04 1.44e-06 2.30e-07 6.89e-08 2.69e-07
2.62e+04 1.50e-06 2.39e-07 7.27e-08 2.81e-07
2.68e+04 1.56e-06 2.50e-07 7.69e-08 2.93e-07
2.74e+04 1.63e-06 2.60e-07 8.11e-08 3.05e-07
2.79e+04 1.70e-06 2.71e-07 8.56e-08 3.18e-07
2.85e+04 1.77e-06 2.82e-07 9.03e-08 3.31e-07
2.91e+04 1.84e-06 2.94e-07 9.50e-08 3.45e-07
2.97e+04 1.91e-06 3.06e-07 1.00e-07 3.59e-07
3.03e+04 1.99e-06 3.18e-07 1.05e-07 3.73e-07
3.10e+04 2.07e-06 3.31e-07 1.11e-07 3.88e-07
3.16e+04 2.15e-06 3.44e-07 1.16e-07 4.03e-07
3.23e+04 2.23e-06 3.57e-07 1.22e-07 4.19e-07
3.30e+04 2.32e-06 3.71e-07 1.28e-07 4.35e-07
3.36e+04 2.40e-06 3.85e-07 1.35e-07 4.52e-07
3.44e+04 2.50e-06 3.99e-07 1.41e-07 4.69e-07
3.51e+04 2.59e-06 4.14e-07 1.48e-07 4.86e-07
3.58e+04 2.68e-06 4.29e-07 1.55e-07 5.04e-07
3.66e+04 2.78e-06 4.45e-07 1.62e-07 5.23e-07
3.73e+04 2.88e-06 4.61e-07 1.70e-07 5.41e-07
3.81e+04 2.98e-06 4.77e-07 1.78e-07 5.61e-07
3.89e+04 3.09e-06 4.94e-07 1.86e-07 5.81e-07
3.97e+04 3.20e-06 5.12e-07 1.94e-07 6.01e-07
4.06e+04 3.31e-06 5.29e-07 2.03e-07 6.22e-07
4.14e+04 3.42e-06 5.47e-07 2.12e-07 6.43e-07
4.23e+04 3.54e-06 5.66e-07 2.21e-07 6.65e-07
4.32e+04 3.66e-06 5.85e-07 2.31e-07 6.87e-07
4.41e+04 3.78e-06 6.04e-07 2.40e-07 7.10e-07
4.50e+04 3.90e-06 6.24e-07 2.51e-07 7.33e-07
4.59e+04 4.03e-06 6.44e-07 2.61e-07 7.57e-07
4.69e+04 4.16e-06 6.65e-07 2.72e-07 7.81e-07
4.79e+04 4.29e-06 6.86e-07 2.83e-07 8.06e-07
4.89e+04 4.42e-06 7.08e-07 2.94e-07 8.31e-07
4.99e+04 4.56e-06 7.30e-07 3.05e-07 8.57e-07
5.10e+04 4.70e-06 7.52e-07 3.17e-07 8.83e-07
5.20e+04 4.85e-06 7.75e-07 3.29e-07 9.10e-07
5.31e+04 4.99e-06 7.99e-07 3.42e-07 9.37e-07
5.42e+04 5.14e-06 8.23e-07 3.55e-07 9.64e-07
5.54e+04 5.29e-06 8.47e-07 3.68e-07 9.92e-07
5.65e+04 5.45e-06 8.72e-07 3.81e-07 1.02e-06
5.77e+04 5.61e-06 8.97e-07 3.95e-07 1.05e-06
5.89e+04 5.77e-06 9.23e-07 4.10e-07 1.08e-06
6.02e+04 5.93e-06 9.49e-07 4.24e-07 1.11e-06
6.14e+04 6.10e-06 9.76e-07 4.39e-07 1.14e-06
6.27e+04 6.27e-06 1.00e-06 4.55e-07 1.17e-06
6.40e+04 6.44e-06 1.03e-06 4.70e-07 1.20e-06
6.54e+04 6.61e-06 1.06e-06 4.86e-07 1.24e-06
6.67e+04 6.79e-06 1.09e-06 5.03e-07 1.27e-06
6.81e+04 6.97e-06 1.12e-06 5.20e-07 1.30e-06
6.96e+04 7.16e-06 1.15e-06 5.37e-07 1.33e-06
7.10e+04 7.34e-06 1.17e-06 5.55e-07 1.37e-06
7.25e+04 7.53e-06 1.20e-06 5.73e-07 1.40e-06
7.40e+04 7.72e-06 1.24e-06 5.92e-07 1.44e-06
7.56e+04 7.92e-06 1.27e-06 6.11e-07 1.47e-06
7.72e+04 8.11e-06 1.30e-06 6.30e-07 1.51e-06
7.88e+04 8.31e-06 1.33e-06 6.50e-07 1.55e-06
8.04e+04 8.52e-06 1.36e-06 6.70e-07 1.58e-06
8.21e+04 8.72e-06 1.40e-06 6.91e-07 1.62e-06
8.38e+04 8.93e-06 1.43e-06 7.12e-07 1.66e-06
8.56e+04 9.14e-06 1.46e-06 7.34e-07 1.70e-06
8.74e+04 9.36e-06 1.50e-06 7.57e-07 1.74e-06
8.92e+04 9.58e-06 1.53e-06 7.80e-07 1.78e-06
9.11e+04 9.79e-06 1.57e-06 8.03e-07 1.82e-06
9.30e+04 1.00e-05 1.60e-06 8.27e-07 1.86e-06
9.50e+04 1.02e-05 1.64e-06 8.51e-07 1.90e-06
9.69e+04 1.05e-05 1.68e-06 8.76e-07 1.94e-06
9.90e+04 1.07e-05 1.71e-06 9.01e-07 1.98e-06
1.01e+05 1.09e-05 1.75e-06 9.27e-07 2.02e-06
1.03e+05 1.12e-05 1.79e-06 9.54e-07 2.07e-06
1.05e+05 1.14e-05 1.82e-06 9.80e-07 2.11e-06
1.08e+05 1.16e-05 1.86e-06 1.01e-06 2.15e-06
1.10e+05 1.19e-05 1.90e-06 1.03e-06 2.20e-06
1.12e+05 1.21e-05 1.94e-06 1.06e-06 2.24e-06
1.14e+05 1.24e-05 1.98e-06 1.09e-06 2.29e-06
1.17e+05 1.26e-05 2.02e-06 1.12e-06 2.33e-06
1.19e+05 1.29e-05 2.06e-06 1.15e-06 2.38e-06
1.22e+05 1.31e-05 2.10e-06 1.18e-06 2.42e-06
1.24e+05 1.34e-05 2.14e-06 1.21e-06 2.47e-06
1.27e+05 1.36e-05 2.18e-06 1.24e-06 2.52e-06
1.30e+05 1.39e-05 2.22e-06 1.27e-06 2.56e-06
1.32e+05 1.41e-05 2.26e-06 1.30e-06 2.61e-06
1.35e+05 1.44e-05 2.30e-06 1.34e-06 2.65e-06
1.38e+05 1.47e-05 2.35e-06 1.37e-06 2.70e-06
1.41e+05 1.49e-05 2.39e-06 1.40e-06 2.75e-06
1.44e+05 1.52e-05 2.43e-06 1.44e-06 2.79e-06
1.47e+05 1.55e-05 2.47e-06 1.47e-06 2.84e-06
1.50e+05 1.57e-05 2.52e-06 1.50e-06 2.89e-06
1.53e+05 1.60e-05 2.56e-06 1.54e-06 2.93e-06
1.56e+05 1.63e-05 2.60e-06 1.57e-06 2.98e-06
1.60e+05 1.65e-05 2.65e-06 1.61e-06 3.03e-06
1.63e+05 1.68e-05 2.69e-06 1.64e-06 3.08e-06
1.66e+05 1.71e-05 2.73e-06 1.68e-06 3.13e-06
1.70e+05 1.74e-05 2.78e-06 1.72e-06 3.18e-06
1.73e+05 1.76e-05 2.82e-06 1.75e-06 3.22e-06
1.77e+05 1.79e-05 2.87e-06 1.79e-06 3.27e-06
1.81e+05 1.82e-05 2.91e-06 1.83e-06 3.32e-06
1.84e+05 1.85e-05 2.96e-06 1.87e-06 3.37e-06
1.88e+05 1.87e-05 3.00e-06 1.91e-06 3.42e-06
1.92e+05 1.90e-05 3.05e-06 1.95e-06 3.47e-06
1.96e+05 1.93e-05 3.09e-06 1.99e-06 3.51e-06
2.00e+05 1.96e-05 3.14e-06 2.03e-06 3.56e-06
2.05e+05 1.99e-05 3.18e-06 2.07e-06 3.61e-06
2.09e+05 2.02e-05 3.23e-06 2.11e-06 3.66e-06
2.13e+05 2.04e-05 3.27e-06 2.15e-06 3.71e-06
2.18e+05 2.07e-05 3.32e-06 2.19e-06 3.76e-06
2.22e+05 2.10e-05 3.36e-06 2.24e-06 3.81e-06
2.27e+05 2.13e-05 3.41e-06 2.28e-06 3.86e-06
2.32e+05 2.16e-05 3.45e-06 2.32e-06 3.91e-06
2.36e+05 2.18e-05 3.50e-06 2.37e-06 3.96e-06
2.42e+05 2.21e-05 3.54e-06 2.41e-06 4.01e-06
2.46e+05 2.24e-05 3.59e-06 2.46e-06 4.05e-06
2.52e+05 2.27e-05 3.63e-06 2.50e-06 4.10e-06
2.57e+05 2.30e-05 3.68e-06 2.55e-06 4.15e-06
2.62e+05 2.33e-05 3.72e-06 2.59e-06 4.20e-06
2.68e+05 2.35e-05 3.77e-06 2.64e-06 4.25e-06
2.74e+05 2.38e-05 3.81e-06 2.68e-06 4.29e-06
2.79e+05 2.41e-05 3.86e-06 2.73e-06 4.34e-06
2.85e+05 2.44e-05 3.90e-06 2.77e-06 4.39e-06
2.91e+05 2.47e-05 3.95e-06 2.82e-06 4.43e-06
2.97e+05 2.49e-05 3.99e-06 2.86e-06 4.48e-06
3.03e+05 2.52e-05 4.03e-06 2.91e-06 4.52e-06
3.10e+05 2.55e-05 4.08e-06 2.96e-06 4.57e-06
3.16e+05 2.58e-05 4.12e-06 3.00e-06 4.61e-06
3.23e+05 2.60e-05 4.16e-06 3.05e-06 4.66e-06
3.30e+05 2.63e-05 4.21e-06 3.10e-06 4.70e-06
3.36e+05 2.66e-05 4.25e-06 3.14e-06 4.74e-06
3.44e+05 2.68e-05 4.30e-06 3.19e-06 4.79e-06
3.51e+05 2.71e-05 4.34e-06 3.24e-06 4.83e-06
3.58e+05 2.74e-05 4.38e-06 3.29e-06 4.87e-06
3.66e+05 2.76e-05 4.42e-06 3.33e-06 4.91e-06
3.73e+05 2.79e-05 4.46e-06 3.38e-06 4.95e-06
3.81e+05 2.82e-05 4.51e-06 3.42e-06 4.99e-06
3.89e+05 2.84e-05 4.55e-06 3.47e-06 5.03e-06
3.97e+05 2.87e-05 4.59e-06 3.52e-06 5.07e-06
4.06e+05 2.89e-05 4.63e-06 3.56e-06 5.11e-06
4.14e+05 2.92e-05 4.67e-06 3.61e-06 5.14e-06
4.23e+05 2.94e-05 4.71e-06 3.66e-06 5.18e-06
4.32e+05 2.97e-05 4.75e-06 3.70e-06 5.22e-06
4.41e+05 2.99e-05 4.79e-06 3.75e-06 5.25e-06
4.50e+05 3.02e-05 4.83e-06 3.80e-06 5.29e-06
4.59e+05 3.04e-05 4.87e-06 3.85e-06 5.33e-06
4.69e+05 3.07e-05 4.91e-06 3.90e-06 5.37e-06
4.79e+05 3.09e-05 4.95e-06 3.94e-06 5.40e-06
4.89e+05 3.11e-05 4.98e-06 3.99e-06 5.44e-06
4.99e+05 3.14e-05 5.02e-06 4.04e-06 5.47e-06
5.10e+05 3.16e-05 5.06e-06 4.09e-06 5.51e-06
5.20e+05 3.18e-05 5.10e-06 4.14e-06 5.54e-06
5.31e+05 3.21e-05 5.13e-06 4.18e-06 5.57e-06
5.42e+05 3.23e-05 5.17e-06 4.23e-06 5.60e-06
5.54e+05 3.25e-05 5.20e-06 4.28e-06 5.63e-06
5.65e+05 3.27e-05 5.24e-06 4.32e-06 5.66e-06
5.77e+05 3.30e-05 5.27e-06 4.37e-06 5.69e-06
5.89e+05 3.32e-05 5.31e-06 4.42e-06 5.72e-06
6.02e+05 3.34e-05 5.34e-06 4.46e-06 5.75e-06
6.14e+05 3.36e-05 5.37e-06 4.51e-06 5.78e-06
6.27e+05 3.38e-05 5.41e-06 4.55e-06 5.81e-06
6.40e+05 3.40e-05 5.44e-06 4.60e-06 5.83e-06
6.54e+05 3.42e-05 5.47e-06 4.65e-06 5.86e-06
6.67e+05 3.44e-05 5.50e-06 4.69e-06 5.88e-06
6.81e+05 3.46e-05 5.53e-06 4.74e-06 5.91e-06
6.96e+05 3.48e-05 5.56e-06 4.78e-06 5.93e-06
7.10e+05 3.50e-05 5.59e-06 4.83e-06 5.96e-06
7.25e+05 3.51e-05 5.62e-06 4.87e-06 5.98e-06
7.40e+05 3.53e-05 5.65e-06 4.91e-06 6.00e-06
7.56e+05 3.55e-05 5.68e-06 4.95e-06 6.02e-06
7.72e+05 3.57e-05 5.71e-06 5.00e-06 6.04e-06
7.88e+05 3.58e-05 5.73e-06 5.04e-06 6.06e-06
8.04e+05 3.60e-05 5.76e-06 5.08e-06 6.08e-06
8.21e+05 3.62e-05 5.79e-06 5.13e-06 6.10e-06
8.38e+05 3.63e-05 5.81e-06 5.17e-06 6.12e-06
8.56e+05 3.65e-05 5.84e-06 5.21e-06 6.14e-06
8.74e+05 3.66e-05 5.86e-06 5.26e-06 6.16e-06
8.92e+05 3.68e-05 5.89e-06 5.31e-06 6.19e-06
9.11e+05 3.69e-05 5.91e-06 5.34e-06 6.20e-06
9.30e+05 3.71e-05 5.93e-06 5.38e-06 6.21e-06
9.50e+05 3.72e-05 5.96e-06 5.42e-06 6.23e-06
9.69e+05 3.74e-05 5.98e-06 5.46e-06 6.24e-06
9.90e+05 3.75e-05 6.00e-06 5.50e-06 6.26e-06
1.01e+06 3.76e-05 6.02e-06 5.54e-06 6.28e-06
1.03e+06 3.78e-05 6.04e-06 5.58e-06 6.29e-06
1.05e+06 3.79e-05 6.06e-06 5.62e-06 6.30e-06
1.08e+06 3.80e-05 6.08e-06 5.65e-06 6.31e-06
1.10e+06 3.81e-05 6.10e-06 5.68e-06 6.32e-06
1.12e+06 3.82e-05 6.11e-06 5.72e-06 6.32e-06
1.14e+06 3.83e-05 6.13e-06 5.76e-06 6.34e-06
1.17e+06 3.84e-05 6.15e-06 5.80e-06 6.36e-06
1.19e+06 3.85e-05 6.17e-06 5.83e-06 6.37e-06
1.22e+06 3.86e-05 6.18e-06 5.86e-06 6.38e-06
1.24e+06 3.87e-05 6.20e-06 5.89e-06 6.38e-06
1.27e+06 3.88e-05 6.21e-06 5.91e-06 6.38e-06
1.30e+06 3.89e-05 6.22e-06 5.94e-06 6.39e-06
1.32e+06 3.90e-05 6.24e-06 5.96e-06 6.39e-06
1.35e+06 3.91e-05 6.25e-06 5.98e-06 6.39e-06
1.38e+06 3.91e-05 6.26e-06 6.00e-06 6.39e-06
1.41e+06 3.92e-05 6.28e-06 6.02e-06 6.40e-06
1.44e+06 3.93e-05 6.29e-06 6.04e-06 6.40e-06
1.47e+06 3.93e-05 6.30e-06 6.07e-06 6.42e-06
1.50e+06 3.94e-05 6.31e-06 6.09e-06 6.43e-06
1.53e+06 3.95e-05 6.32e-06 6.11e-06 6.44e-06
1.56e+06 3.95e-05 6.33e-06 6.13e-06 6.46e-06
1.60e+06 3.96e-05 6.34e-06 6.14e-06 6.47e-06
1.63e+06 3.96e-05 6.34e-06 6.15e-06 6.48e-06
1.66e+06 3.97e-05 6.35e-06 6.17e-06 6.50e-06
1.70e+06 3.97e-05 6.36e-06 6.17e-06 6.51e-06
1.73e+06 3.97e-05 6.36e-06 6.18e-06 6.53e-06
1.77e+06 3.98e-05 6.37e-06 6.18e-06 6.55e-06
1.81e+06 3.98e-05 6.37e-06 6.19e-06 6.56e-06
1.84e+06 3.98e-05 6.38e-06 6.19e-06 6.58e-06
1.88e+06 3.99e-05 6.38e-06 6.19e-06 6.60e-06
1.92e+06 3.99e-05 6.39e-06 6.19e-06 6.61e-06
1.96e+06 3.99e-05 6.39e-06 6.19e-06 6.63e-06
2.00e+06 3.99e-05 6.39e-06 6.18e-06 6.65e-06
2.05e+06 3.99e-05 6.40e-06 6.18e-06 6.67e-06
2.09e+06 3.99e-05 6.40e-06 6.18e-06 6.70e-06
2.13e+06 3.99e-05 6.40e-06 6.19e-06 6.73e-06
2.18e+06 3.99e-05 6.40e-06 6.20e-06 6.76e-06
2.22e+06 3.99e-05 6.40e-06 6.20e-06 6.78e-06
2.27e+06 3.99e-05 6.40e-06 6.19e-06 6.80e-06
2.32e+06 3.99e-05 6.40e-06 6.18e-06 6.81e-06
2.36e+06 3.99e-05 6.40e-06 6.17e-06 6.83e-06
2.42e+06 3.99e-05 6.40e-06 6.16e-06 6.84e-06
2.46e+06 3.99e-05 6.39e-06 6.15e-06 6.85e-06
2.52e+06 3.98e-05 6.39e-06 6.14e-06 6.87e-06
2.57e+06 3.98e-05 6.39e-06 6.13e-06 6.89e-06
2.62e+06 3.98e-05 6.39e-06 6.12e-06 6.91e-06
2.68e+06 3.97e-05 6.38e-06 6.11e-06 6.92e-06
2.74e+06 3.97e-05 6.38e-06 6.11e-06 6.94e-06
2.79e+06 3.97e-05 6.37e-06 6.10e-06 6.96e-06
2.85e+06 3.96e-05 6.37e-06 6.09e-06 6.97e-06
2.91e+06 3.96e-05 6.37e-06 6.07e-06 6.98e-06
2.97e+06 3.95e-05 6.36e-06 6.06e-06 6.99e-06
3.03e+06 3.95e-05 6.35e-06 6.05e-06 7.00e-06
3.10e+06 3.94e-05 6.35e-06 6.03e-06 7.01e-06
3.16e+06 3.94e-05 6.34e-06 6.02e-06 7.03e-06
3.23e+06 3.93e-05 6.33e-06 6.01e-06 7.04e-06
3.30e+06 3.93e-05 6.33e-06 6.00e-06 7.05e-06
3.36e+06 3.92e-05 6.32e-06 5.99e-06 7.06e-06
3.44e+06 3.91e-05 6.31e-06 5.97e-06 7.07e-06
3.51e+06 3.91e-05 6.30e-06 5.96e-06 7.08e-06
3.58e+06 3.90e-05 6.29e-06 5.94e-06 7.09e-06
3.66e+06 3.89e-05 6.28e-06 5.93e-06 7.10e-06
3.73e+06 3.89e-05 6.28e-06 5.92e-06 7.10e-06
3.81e+06 3.88e-05 6.27e-06 5.90e-06 7.11e-06
3.89e+06 3.87e-05 6.26e-06 5.88e-06 7.11e-06
3.97e+06 3.86e-05 6.25e-06 5.86e-06 7.12e-06
4.06e+06 3.85e-05 6.24e-06 5.85e-06 7.12e-06
4.14e+06 3.84e-05 6.23e-06 5.83e-06 7.12e-06
4.23e+06 3.83e-05 6.21e-06 5.81e-06 7.13e-06
4.32e+06 3.83e-05 6.20e-06 5.79e-06 7.13e-06
4.41e+06 3.82e-05 6.19e-06 5.77e-06 7.13e-06
4.50e+06 3.81e-05 6.18e-06 5.76e-06 7.13e-06
4.59e+06 3.80e-05 6.17e-06 5.74e-06 7.13e-06
4.69e+06 3.79e-05 6.16e-06 5.72e-06 7.13e-06
4.79e+06 3.78e-05 6.14e-06 5.70e-06 7.13e-06
4.89e+06 3.77e-05 6.13e-06 5.68e-06 7.12e-06
4.99e+06 3.75e-05 6.12e-06 5.66e-06 7.12e-06
5.10e+06 3.74e-05 6.11e-06 5.64e-06 7.12e-06
5.20e+06 3.73e-05 6.09e-06 5.62e-06 7.11e-06
5.31e+06 3.72e-05 6.08e-06 5.60e-06 7.11e-06
5.42e+06 3.71e-05 6.07e-06 5.58e-06 7.11e-06
5.54e+06 3.70e-05 6.05e-06 5.56e-06 7.10e-06
5.65e+06 3.68e-05 6.04e-06 5.54e-06 7.10e-06
5.77e+06 3.67e-05 6.02e-06 5.52e-06 7.10e-06
5.89e+06 3.66e-05 6.01e-06 5.51e-06 7.10e-06
6.02e+06 3.65e-05 6.00e-06 5.49e-06 7.10e-06
6.14e+06 3.64e-05 5.98e-06 5.47e-06 7.09e-06
6.27e+06 3.62e-05 5.97e-06 5.46e-06 7.09e-06
6.40e+06 3.61e-05 5.95e-06 5.44e-06 7.08e-06
6.54e+06 3.59e-05 5.94e-06 5.43e-06 7.08e-06
6.67e+06 3.58e-05 5.93e-06 5.41e-06 7.08e-06
6.81e+06 3.57e-05 5.91e-06 5.39e-06 7.07e-06
6.96e+06 3.55e-05 5.90e-06 5.38e-06 7.06e-06
7.10e+06 3.54e-05 5.88e-06 5.36e-06 7.06e-06
7.25e+06 3.53e-05 5.86e-06 5.34e-06 7.05e-06
7.40e+06 3.51e-05 5.85e-06 5.32e-06 7.04e-06
7.56e+06 3.50e-05 5.83e-06 5.31e-06 7.03e-06
7.72e+06 3.48e-05 5.82e-06 5.29e-06 7.03e-06
7.88e+06 3.47e-05 5.80e-06 5.28e-06 7.02e-06
8.04e+06 3.45e-05 5.79e-06 5.26e-06 7.02e-06
8.21e+06 3.44e-05 5.77e-06 5.25e-06 7.01e-06
8.38e+06 3.42e-05 5.76e-06 5.23e-06 7.00e-06
8.56e+06 3.41e-05 5.74e-06 5.22e-06 6.99e-06
8.74e+06 3.39e-05 5.72e-06 5.20e-06 6.99e-06
8.92e+06 3.38e-05 5.71e-06 5.19e-06 6.98e-06
9.11e+06 3.36e-05 5.69e-06 5.17e-06 6.96e-06
9.30e+06 3.35e-05 5.68e-06 5.15e-06 6.95e-06
9.50e+06 3.33e-05 5.66e-06 5.13e-06 6.94e-06
9.69e+06 3.32e-05 5.64e-06 5.11e-06 6.93e-06
9.90e+06 3.30e-05 5.63e-06 5.10e-06 6.92e-06
1.01e+07 3.29e-05 5.61e-06 5.08e-06 6.90e-06
1.03e+07 3.27e-05 5.60e-06 5.06e-06 6.89e-06
1.05e+07 3.25e-05 5.58e-06 5.05e-06 6.88e-06
1.08e+07 3.24e-05 5.56e-06 5.03e-06 6.86e-06
1.10e+07 3.22e-05 5.55e-06 5.01e-06 6.85e-06
1.12e+07 3.21e-05 5.53e-06 4.99e-06 6.83e-06
1.14e+07 3.19e-05 5.52e-06 4.98e-06 6.82e-06
1.17e+07 3.17e-05 5.50e-06 4.96e-06 6.80e-06
1.19e+07 3.16e-05 5.48e-06 4.95e-06 6.79e-06
1.22e+07 3.14e-05 5.47e-06 4.93e-06 6.77e-06
1.24e+07 3.12e-05 5.45e-06 4.91e-06 6.75e-06
1.27e+07 3.11e-05 5.44e-06 4.90e-06 6.74e-06
1.30e+07 3.09e-05 5.42e-06 4.88e-06 6.72e-06
1.32e+07 3.07e-05 5.40e-06 4.87e-06 6.71e-06
1.35e+07 3.06e-05 5.39e-06 4.85e-06 6.69e-06
1.38e+07 3.04e-05 5.37e-06 4.84e-06 6.67e-06
1.41e+07 3.02e-05 5.36e-06 4.82e-06 6.65e-06
1.44e+07 3.01e-05 5.34e-06 4.80e-06 6.63e-06
1.47e+07 2.99e-05 5.32e-06 4.79e-06 6.62e-06
1.50e+07 2.97e-05 5.31e-06 4.77e-06 6.60e-06
1.53e+07 2.96e-05 5.29e-06 4.76e-06 6.58e-06
1.56e+07 2.94e-05 5.27e-06 4.74e-06 6.55e-06
1.60e+07 2.92e-05 5.26e-06 4.72e-06 6.53e-06
1.63e+07 2.90e-05 5.24e-06 4.70e-06 6.51e-06
1.66e+07 2.89e-05 5.23e-06 4.69e-06 6.49e-06
1.70e+07 2.87e-05 5.21e-06 4.67e-06 6.47e-06
1.73e+07 2.85e-05 5.19e-06 4.65e-06 6.45e-06
1.77e+07 2.84e-05 5.18e-06 4.64e-06 6.42e-06
1.81e+07 2.82e-05 5.16e-06 4.62e-06 6.40e-06
1.84e+07 2.80e-05 5.15e-06 4.60e-06 6.38e-06
1.88e+07 2.78e-05 5.13e-06 4.59e-06 6.36e-06
1.92e+07 2.77e-05 5.11e-06 4.58e-06 6.33e-06
1.96e+07 2.75e-05 5.10e-06 4.56e-06 6.32e-06
2.00e+07 2.73e-05 5.08e-06 4.55e-06 6.29e-06
2.05e+07 2.71e-05 5.06e-06 4.53e-06 6.27e-06
2.09e+07 2.70e-05 5.05e-06 4.52e-06 6.25e-06
2.13e+07 2.68e-05 5.03e-06 4.51e-06 6.23e-06
2.18e+07 2.66e-05 5.02e-06 4.50e-06 6.21e-06
2.22e+07 2.64e-05 5.00e-06 4.48e-06 6.18e-06
2.27e+07 2.63e-05 4.98e-06 4.47e-06 6.16e-06
2.32e+07 2.61e-05 4.97e-06 4.46e-06 6.14e-06
2.36e+07 2.59e-05 4.95e-06 4.45e-06 6.12e-06
2.42e+07 2.57e-05 4.94e-06 4.44e-06 6.10e-06
2.46e+07 2.56e-05 4.92e-06 4.42e-06 6.07e-06
2.52e+07 2.54e-05 4.90e-06 4.42e-06 6.05e-06
2.57e+07 2.52e-05 4.89e-06 4.40e-06 6.03e-06
2.62e+07 2.50e-05 4.87e-06 4.40e-06 6.01e-06
2.68e+07 2.49e-05 4.86e-06 4.38e-06 5.99e-06
2.74e+07 2.47e-05 4.84e-06 4.38e-06 5.96e-06
2.79e+07 2.45e-05 4.83e-06 4.37e-06 5.94e-06
2.85e+07 2.43e-05 4.81e-06 4.36e-06 5.92e-06
2.91e+07 2.42e-05 4.79e-06 4.35e-06 5.90e-06
2.97e+07 2.40e-05 4.78e-06 4.34e-06 5.88e-06
3.03e+07 2.38e-05 4.76e-06 4.33e-06 5.85e-06
3.10e+07 2.36e-05 4.75e-06 4.32e-06 5.83e-06
3.16e+07 2.35e-05 4.73e-06 4.31e-06 5.80e-06
3.23e+07 2.33e-05 4.71e-06 4.30e-06 5.78e-06
3.30e+07 2.31e-05 4.70e-06 4.29e-06 5.75e-06
3.36e+07 2.30e-05 4.68e-06 4.28e-06 5.73e-06
3.44e+07 2.28e-05 4.66e-06 4.27e-06 5.70e-06
3.51e+07 2.26e-05 4.65e-06 4.25e-06 5.67e-06
3.58e+07 2.25e-05 4.63e-06 4.24e-06 5.65e-06
3.66e+07 2.23e-05 4.61e-06 4.23e-06 5.62e-06
3.73e+07 2.21e-05 4.60e-06 4.22e-06 5.59e-06
3.81e+07 2.19e-05 4.58e-06 4.21e-06 5.57e-06
3.89e+07 2.18e-05 4.57e-06 4.20e-06 5.54e-06
3.97e+07 2.16e-05 4.55e-06 4.19e-06 5.51e-06
4.06e+07 2.14e-05 4.53e-06 4.18e-06 5.49e-06
4.14e+07 2.13e-05 4.52e-06 4.17e-06 5.46e-06
4.23e+07 2.11e-05 4.50e-06 4.15e-06 5.43e-06
4.32e+07 2.09e-05 4.49e-06 4.14e-06 5.40e-06
4.41e+07 2.07e-05 4.47e-06 4.13e-06 5.38e-06
4.50e+07 2.06e-05 4.45e-06 4.12e-06 5.34e-06
4.59e+07 2.04e-05 4.44e-06 4.10e-06 5.31e-06
4.69e+07 2.03e-05 4.42e-06 4.09e-06 5.29e-06
4.79e+07 2.01e-05 4.40e-06 4.09e-06 5.26e-06
4.89e+07 1.99e-05 4.39e-06 4.08e-06 5.24e-06
4.99e+07 1.97e-05 4.37e-06 4.07e-06 5.21e-06
5.10e+07 1.96e-05 4.35e-06 4.06e-06 5.18e-06
5.20e+07 1.94e-05 4.33e-06 4.04e-06 5.15e-06
5.31e+07 1.93e-05 4.32e-06 4.03e-06 5.12e-06
5.42e+07 1.91e-05 4.30e-06 4.02e-06 5.09e-06
5.54e+07 1.89e-05 4.28e-06 4.00e-06 5.06e-06
5.65e+07 1.88e-05 4.27e-06 3.99e-06 5.03e-06
5.77e+07 1.86e-05 4.25e-06 3.98e-06 5.00e-06
5.89e+07 1.85e-05 4.23e-06 3.96e-06 4.97e-06
6.02e+07 1.83e-05 4.22e-06 3.95e-06 4.94e-06
6.14e+07 1.81e-05 4.20e-06 3.94e-06 4.91e-06
6.27e+07 1.80e-05 4.18e-06 3.93e-06 4.88e-06
6.40e+07 1.78e-05 4.16e-06 3.92e-06 4.86e-06
6.54e+07 1.76e-05 4.15e-06 3.90e-06 4.82e-06
6.67e+07 1.75e-05 4.13e-06 3.88e-06 4.78e-06
6.81e+07 1.73e-05 4.11e-06 3.87e-06 4.75e-06
6.96e+07 1.72e-05 4.09e-06 3.86e-06 4.73e-06
7.10e+07 1.70e-05 4.08e-06 3.84e-06 4.69e-06
7.25e+07 1.69e-05 4.06e-06 3.83e-06 4.66e-06
7.40e+07 1.67e-05 4.04e-06 3.81e-06 4.63e-06
7.56e+07 1.65e-05 4.02e-06 3.80e-06 4.61e-06
7.72e+07 1.64e-05 4.00e-06 3.78e-06 4.57e-06
7.88e+07 1.62e-05 3.99e-06 3.77e-06 4.54e-06
8.04e+07 1.61e-05 3.97e-06 3.75e-06 4.51e-06
8.21e+07 1.59e-05 3.95e-06 3.74e-06 4.48e-06
8.38e+07 1.58e-05 3.93e-06 3.72e-06 4.46e-06
8.56e+07 1.56e-05 3.91e-06 3.71e-06 4.43e-06
8.74e+07 1.55e-05 3.89e-06 3.70e-06 4.40e-06
8.92e+07 1.53e-05 3.88e-06 3.68e-06 4.37e-06
9.11e+07 1.52e-05 3.86e-06 3.66e-06 4.34e-06
9.30e+07 1.50e-05 3.84e-06 3.63e-06 4.30e-06
9.50e+07 1.49e-05 3.82e-06 3.62e-06 4.27e-06
9.69e+07 1.47e-05 3.80e-06 3.61e-06 4.25e-06
9.90e+07 1.46e-05 3.78e-06 3.59e-06 4.23e-06
1.01e+08 1.44e-05 3.76e-06 3.58e-06 4.20e-06
1.03e+08 1.43e-05 3.74e-06 3.56e-06 4.18e-06
1.05e+08 1.41e-05 3.72e-06 3.55e-06 4.16e-06
1.08e+08 1.40e-05 3.70e-06 3.53e-06 4.13e-06
1.10e+08 1.38e-05 3.68e-06 3.51e-06 4.10e-06
1.12e+08 1.37e-05 3.66e-06 3.49e-06 4.08e-06
1.14e+08 1.36e-05 3.64e-06 3.48e-06 4.06e-06
1.17e+08 1.34e-05 3.62e-06 3.46e-06 4.03e-06
1.19e+08 1.33e-05 3.60e-06 3.44e-06 4.00e-06
1.22e+08 1.31e-05 3.58e-06 3.42e-06 3.98e-06
1.24e+08 1.30e-05 3.56e-06 3.40e-06 3.95e-06
1.27e+08 1.29e-05 3.54e-06 3.37e-06 3.93e-06
1.30e+08 1.27e-05 3.52e-06 3.35e-06 3.90e-06
1.32e+08 1.26e-05 3.50e-06 3.33e-06 3.88e-06
1.35e+08 1.24e-05 3.48e-06 3.30e-06 3.85e-06
1.38e+08 1.23e-05 3.46e-06 3.27e-06 3.82e-06
1.41e+08 1.22e-05 3.44e-06 3.24e-06 3.79e-06
1.44e+08 1.20e-05 3.42e-06 3.22e-06 3.77e-06
1.47e+08 1.19e-05 3.40e-06 3.19e-06 3.74e-06
1.50e+08 1.18e-05 3.38e-06 3.18e-06 3.72e-06
1.53e+08 1.16e-05 3.36e-06 3.15e-06 3.69e-06
1.56e+08 1.15e-05 3.34e-06 3.12e-06 3.67e-06
1.60e+08 1.14e-05 3.32e-06 3.09e-06 3.64e-06
1.63e+08 1.12e-05 3.29e-06 3.06e-06 3.61e-06
1.66e+08 1.11e-05 3.27e-06 3.03e-06 3.59e-06
1.70e+08 1.10e-05 3.25e-06 3.01e-06 3.57e-06
1.73e+08 1.08e-05 3.23e-06 2.98e-06 3.55e-06
1.77e+08 1.07e-05 3.21e-06 2.96e-06 3.52e-06
1.81e+08 1.06e-05 3.19e-06 2.93e-06 3.50e-06
1.84e+08 1.04e-05 3.16e-06 2.90e-06 3.47e-06
1.88e+08 1.03e-05 3.14e-06 2.86e-06 3.44e-06
1.92e+08 1.02e-05 3.12e-06 2.84e-06 3.42e-06
1.96e+08 1.01e-05 3.10e-06 2.81e-06 3.40e-06
2.00e+08 9.94e-06 3.07e-06 2.79e-06 3.38e-06
2.05e+08 9.82e-06 3.05e-06 2.76e-06 3.36e-06
2.09e+08 9.69e-06 3.03e-06 2.74e-06 3.34e-06
2.13e+08 9.57e-06 3.00e-06 2.71e-06 3.32e-06
2.18e+08 9.45e-06 2.98e-06 2.69e-06 3.29e-06
2.22e+08 9.34e-06 2.96e-06 2.65e-06 3.26e-06
2.27e+08 9.22e-06 2.94e-06 2.62e-06 3.23e-06
2.32e+08 9.10e-06 2.91e-06 2.58e-06 3.20e-06
2.36e+08 8.97e-06 2.89e-06 2.55e-06 3.17e-06
2.42e+08 8.86e-06 2.87e-06 2.52e-06 3.14e-06
2.46e+08 8.74e-06 2.84e-06 2.48e-06 3.11e-06
2.52e+08 8.62e-06 2.82e-06 2.45e-06 3.08e-06
2.57e+08 8.50e-06 2.79e-06 2.42e-06 3.06e-06
2.62e+08 8.38e-06 2.77e-06 2.40e-06 3.04e-06
2.68e+08 8.27e-06 2.74e-06 2.37e-06 3.01e-06
2.74e+08 8.15e-06 2.71e-06 2.34e-06 2.99e-06
2.79e+08 8.04e-06 2.69e-06 2.32e-06 2.97e-06
2.85e+08 7.92e-06 2.66e-06 2.29e-06 2.94e-06
2.91e+08 7.81e-06 2.64e-06 2.26e-06 2.92e-06
2.97e+08 7.70e-06 2.61e-06 2.23e-06 2.88e-06
3.03e+08 7.58e-06 2.58e-06 2.20e-06 2.86e-06
3.10e+08 7.47e-06 2.56e-06 2.18e-06 2.83e-06
3.16e+08 7.36e-06 2.53e-06 2.15e-06 2.81e-06
3.23e+08 7.25e-06 2.51e-06 2.12e-06 2.77e-06
3.30e+08 7.14e-06 2.48e-06 2.08e-06 2.74e-06
3.36e+08 7.04e-06 2.45e-06 2.05e-06 2.71e-06
3.44e+08 6.93e-06 2.43e-06 2.02e-06 2.68e-06
3.51e+08 6.82e-06 2.40e-06 1.99e-06 2.65e-06
3.58e+08 6.72e-06 2.37e-06 1.97e-06 2.62e-06
3.66e+08 6.61e-06 2.34e-06 1.94e-06 2.59e-06
3.73e+08 6.51e-06 2.32e-06 1.91e-06 2.56e-06
3.81e+08 6.41e-06 2.29e-06 1.88e-06 2.53e-06
3.89e+08 6.30e-06 2.26e-06 1.85e-06 2.50e-06
3.97e+08 6.20e-06 2.24e-06 1.83e-06 2.47e-06
4.06e+08 6.10e-06 2.21e-06 1.80e-06 2.44e-06
4.14e+08 6.00e-06 2.18e-06 1.77e-06 2.41e-06
4.23e+08 5.90e-06 2.15e-06 1.74e-06 2.38e-06
4.32e+08 5.81e-06 2.13e-06 1.71e-06 2.35e-06
4.41e+08 5.71e-06 2.10e-06 1.68e-06 2.32e-06
4.50e+08 5.61e-06 2.07e-06 1.66e-06 2.28e-06
4.59e+08 5.51e-06 2.04e-06 1.63e-06 2.25e-06
4.69e+08 5.42e-06 2.02e-06 1.60e-06 2.22e-06
4.79e+08 5.33e-06 1.99e-06 1.57e-06 2.19e-06
4.89e+08 5.23e-06 1.96e-06 1.55e-06 2.16e-06
4.99e+08 5.14e-06 1.94e-06 1.52e-06 2.13e-06
5.10e+08 5.05e-06 1.91e-06 1.50e-06 2.10e-06
5.20e+08 4.96e-06 1.88e-06 1.47e-06 2.06e-06
5.31e+08 4.87e-06 1.86e-06 1.45e-06 2.03e-06
5.42e+08 4.78e-06 1.83e-06 1.42e-06 2.00e-06
5.54e+08 4.69e-06 1.80e-06 1.40e-06 1.97e-06
5.65e+08 4.60e-06 1.77e-06 1.38e-06 1.94e-06
5.77e+08 4.52e-06 1.75e-06 1.35e-06 1.91e-06
5.89e+08 4.43e-06 1.72e-06 1.33e-06 1.88e-06
6.02e+08 4.35e-06 1.70e-06 1.31e-06 1.85e-06
6.14e+08 4.26e-06 1.67e-06 1.28e-06 1.82e-06
6.27e+08 4.18e-06 1.64e-06 1.26e-06 1.79e-06
6.40e+08 4.10e-06 1.61e-06 1.24e-06 1.76e-06
6.54e+08 4.02e-06 1.59e-06 1.22e-06 1.73e-06
6.67e+08 3.94e-06 1.56e-06 1.19e-06 1.70e-06
6.81e+08 3.86e-06 1.54e-06 1.17e-06 1.67e-06
6.96e+08 3.78e-06 1.51e-06 1.15e-06 1.64e-06
7.10e+08 3.71e-06 1.48e-06 1.13e-06 1.61e-06
7.25e+08 3.63e-06 1.46e-06 1.11e-06 1.58e-06
7.40e+08 3.55e-06 1.43e-06 1.08e-06 1.55e-06
7.56e+08 3.48e-06 1.41e-06 1.06e-06 1.52e-06
7.72e+08 3.41e-06 1.38e-06 1.04e-06 1.49e-06
7.88e+08 3.33e-06 1.36e-06 1.02e-06 1.46e-06
8.04e+08 3.26e-06 1.33e-06 9.98e-07 1.43e-06
8.21e+08 3.19e-06 1.31e-06 9.74e-07 1.40e-06
8.38e+08 3.12e-06 1.28e-06 9.50e-07 1.37e-06
8.56e+08 3.05e-06 1.26e-06 9.28e-07 1.34e-06
8.74e+08 2.98e-06 1.24e-06 9.08e-07 1.31e-06
8.92e+08 2.91e-06 1.21e-06 8.89e-07 1.28e-06
9.11e+08 2.85e-06 1.19e-06 8.71e-07 1.26e-06
9.30e+08 2.78e-06 1.17e-06 8.55e-07 1.23e-06
9.50e+08 2.72e-06 1.14e-06 8.38e-07 1.21e-06
9.69e+08 2.65e-06 1.12e-06 8.21e-07 1.18e-06
9.90e+08 2.59e-06 1.10e-06 8.05e-07 1.16e-06
1.01e+09 2.53e-06 1.07e-06 7.88e-07 1.13e-06
1.03e+09 2.47e-06 1.05e-06 7.72e-07 1.11e-06
1.05e+09 2.41e-06 1.03e-06 7.55e-07 1.09e-06
1.08e+09 2.35e-06 1.00e-06 7.39e-07 1.06e-06
1.10e+09 2.29e-06 9.83e-07 7.23e-07 1.04e-06
1.12e+09 2.23e-06 9.61e-07 7.07e-07 1.01e-06
1.14e+09 2.17e-06 9.40e-07 6.91e-07 9.91e-07
1.17e+09 2.12e-06 9.19e-07 6.72e-07 9.65e-07
1.19e+09 2.07e-06 8.98e-07 6.56e-07 9.41e-07
1.22e+09 2.01e-06 8.77e-07 6.39e-07 9.17e-07
1.24e+09 1.96e-06 8.56e-07 6.24e-07 8.95e-07
1.27e+09 1.91e-06 8.36e-07 6.09e-07 8.73e-07
1.30e+09 1.86e-06 8.16e-07 5.94e-07 8.51e-07
1.32e+09 1.81e-06 7.96e-07 5.80e-07 8.30e-07
1.35e+09 1.76e-06 7.77e-07 5.65e-07 8.08e-07
1.38e+09 1.71e-06 7.58e-07 5.49e-07 7.86e-07
1.41e+09 1.66e-06 7.39e-07 5.34e-07 7.64e-07
1.44e+09 1.61e-06 7.20e-07 5.20e-07 7.44e-07
1.47e+09 1.57e-06 7.01e-07 5.06e-07 7.24e-07
1.50e+09 1.52e-06 6.83e-07 4.94e-07 7.06e-07
1.53e+09 1.48e-06 6.66e-07 4.82e-07 6.88e-07
1.56e+09 1.44e-06 6.48e-07 4.69e-07 6.69e-07
1.60e+09 1.39e-06 6.31e-07 4.56e-07 6.50e-07
1.63e+09 1.35e-06 6.13e-07 4.42e-07 6.31e-07
1.66e+09 1.31e-06 5.97e-07 4.31e-07 6.14e-07
1.70e+09 1.27e-06 5.80e-07 4.20e-07 5.98e-07
1.73e+09 1.23e-06 5.64e-07 4.08e-07 5.81e-07
1.77e+09 1.19e-06 5.48e-07 3.97e-07 5.64e-07
1.81e+09 1.15e-06 5.32e-07 3.87e-07 5.49e-07
1.84e+09 1.12e-06 5.16e-07 3.75e-07 5.33e-07
1.88e+09 1.08e-06 5.01e-07 3.64e-07 5.17e-07
1.92e+09 1.05e-06 4.86e-07 3.53e-07 5.02e-07
1.96e+09 1.01e-06 4.72e-07 3.43e-07 4.87e-07
2.00e+09 9.80e-07 4.57e-07 3.33e-07 4.72e-07
2.05e+09 9.48e-07 4.43e-07 3.22e-07 4.57e-07
2.09e+09 9.16e-07 4.29e-07 3.11e-07 4.42e-07
2.13e+09 8.84e-07 4.16e-07 3.00e-07 4.27e-07
2.18e+09 8.54e-07 4.03e-07 2.91e-07 4.14e-07
2.22e+09 8.25e-07 3.90e-07 2.81e-07 4.00e-07
2.27e+09 7.97e-07 3.77e-07 2.71e-07 3.86e-07
2.32e+09 7.69e-07 3.65e-07 2.61e-07 3.72e-07
2.36e+09 7.41e-07 3.53e-07 2.52e-07 3.60e-07
2.42e+09 7.15e-07 3.41e-07 2.43e-07 3.48e-07
2.46e+09 6.89e-07 3.30e-07 2.33e-07 3.35e-07
2.52e+09 6.63e-07 3.18e-07 2.25e-07 3.23e-07
2.57e+09 6.39e-07 3.07e-07 2.17e-07 3.12e-07
2.62e+09 6.15e-07 2.97e-07 2.08e-07 3.00e-07
2.68e+09 5.91e-07 2.86e-07 2.00e-07 2.89e-07
2.74e+09 5.69e-07 2.76e-07 1.92e-07 2.78e-07
2.79e+09 5.47e-07 2.66e-07 1.84e-07 2.68e-07
2.85e+09 5.25e-07 2.56e-07 1.77e-07 2.58e-07
2.91e+09 5.04e-07 2.46e-07 1.70e-07 2.48e-07
2.97e+09 4.84e-07 2.37e-07 1.63e-07 2.39e-07
3.03e+09 4.65e-07 2.28e-07 1.57e-07 2.30e-07
3.10e+09 4.46e-07 2.19e-07 1.51e-07 2.22e-07
3.16e+09 4.27e-07 2.11e-07 1.44e-07 2.13e-07
3.23e+09 4.09e-07 2.02e-07 1.38e-07 2.04e-07
3.30e+09 3.92e-07 1.94e-07 1.32e-07 1.96e-07
3.36e+09 3.75e-07 1.87e-07 1.26e-07 1.89e-07
3.44e+09 3.59e-07 1.79e-07 1.21e-07 1.81e-07
3.51e+09 3.44e-07 1.71e-07 1.15e-07 1.74e-07
3.58e+09 3.29e-07 1.64e-07 1.10e-07 1.66e-07
3.66e+09 3.14e-07 1.58e-07 1.05e-07 1.59e-07
3.73e+09 3.00e-07 1.51e-07 1.00e-07 1.53e-07
3.81e+09 2.86e-07 1.44e-07 9.54e-08 1.46e-07
3.89e+09 2.73e-07 1.38e-07 9.07e-08 1.40e-07
3.97e+09 2.61e-07 1.32e-07 8.60e-08 1.33e-07
4.06e+09 2.48e-07 1.26e-07 8.18e-08 1.28e-07
4.14e+09 2.37e-07 1.20e-07 7.74e-08 1.22e-07
4.23e+09 2.25e-07 1.15e-07 7.35e-08 1.16e-07
4.32e+09 2.14e-07 1.10e-07 6.96e-08 1.11e-07
4.41e+09 2.04e-07 1.05e-07 6.57e-08 1.05e-07
4.50e+09 1.94e-07 9.96e-08 6.24e-08 1.01e-07
4.59e+09 1.84e-07 9.48e-08 5.91e-08 9.61e-08
4.69e+09 1.75e-07 9.03e-08 5.61e-08 9.17e-08
4.79e+09 1.66e-07 8.59e-08 5.30e-08 8.73e-08
4.89e+09 1.58e-07 8.16e-08 5.03e-08 8.33e-08
4.99e+09 1.50e-07 7.76e-08 4.77e-08 7.95e-08
5.10e+09 1.42e-07 7.37e-08 4.52e-08 7.58e-08
5.20e+09 1.34e-07 6.99e-08 4.29e-08 7.23e-08
5.31e+09 1.27e-07 6.63e-08 4.06e-08 6.89e-08
5.42e+09 1.20e-07 6.29e-08 3.84e-08 6.56e-08
5.54e+09 1.14e-07 5.96e-08 3.63e-08 6.24e-08
5.65e+09 1.07e-07 5.64e-08 3.43e-08 5.94e-08
5.77e+09 1.01e-07 5.34e-08 3.23e-08 5.63e-08
5.89e+09 9.56e-08 5.05e-08 3.03e-08 5.34e-08
6.02e+09 9.02e-08 4.77e-08 2.85e-08 5.06e-08
6.14e+09 8.50e-08 4.51e-08 2.69e-08 4.81e-08
6.27e+09 8.01e-08 4.25e-08 2.53e-08 4.55e-08
6.40e+09 7.54e-08 4.01e-08 2.38e-08 4.32e-08
6.54e+09 7.09e-08 3.78e-08 2.24e-08 4.09e-08
6.67e+09 6.67e-08 3.56e-08 2.10e-08 3.87e-08
6.81e+09 6.26e-08 3.35e-08 1.97e-08 3.66e-08
6.96e+09 5.88e-08 3.16e-08 1.84e-08 3.45e-08
7.10e+09 5.52e-08 2.97e-08 1.72e-08 3.26e-08
7.25e+09 5.17e-08 2.79e-08 1.61e-08 3.07e-08
7.40e+09 4.85e-08 2.62e-08 1.51e-08 2.90e-08
7.56e+09 4.54e-08 2.46e-08 1.41e-08 2.73e-08
7.72e+09 4.25e-08 2.30e-08 1.31e-08 2.57e-08
7.88e+09 3.97e-08 2.16e-08 1.22e-08 2.42e-08
8.04e+09 3.71e-08 2.02e-08 1.13e-08 2.28e-08
8.21e+09 3.46e-08 1.89e-08 1.06e-08 2.14e-08
8.38e+09 3.23e-08 1.77e-08 9.80e-09 2.01e-08
8.56e+09 3.01e-08 1.65e-08 9.10e-09 1.88e-08
8.74e+09 2.81e-08 1.54e-08 8.44e-09 1.77e-08
8.92e+09 2.61e-08 1.44e-08 7.82e-09 1.66e-08
9.11e+09 2.43e-08 1.34e-08 7.24e-09 1.55e-08
9.30e+09 2.26e-08 1.25e-08 6.70e-09 1.45e-08
9.50e+09 2.10e-08 1.16e-08 6.19e-09 1.36e-08
9.69e+09 1.95e-08 1.08e-08 5.72e-09 1.27e-08
9.90e+09 1.81e-08 1.00e-08 5.27e-09 1.18e-08
1.01e+10 1.68e-08 9.33e-09 4.86e-09 1.10e-08
1.03e+10 1.55e-08 8.65e-09 4.47e-09 1.03e-08
1.05e+10 1.44e-08 8.02e-09 4.10e-09 9.57e-09
1.08e+10 1.33e-08 7.43e-09 3.75e-09 8.89e-09
1.10e+10 1.23e-08 6.88e-09 3.43e-09 8.26e-09
1.12e+10 1.13e-08 6.37e-09 3.14e-09 7.68e-09
1.14e+10 1.05e-08 5.89e-09 2.87e-09 7.13e-09
1.17e+10 9.64e-09 5.44e-09 2.63e-09 6.62e-09
1.19e+10 8.88e-09 5.02e-09 2.40e-09 6.14e-09
1.22e+10 8.17e-09 4.63e-09 2.20e-09 5.69e-09
1.24e+10 7.51e-09 4.26e-09 2.00e-09 5.27e-09
1.27e+10 6.91e-09 3.93e-09 1.82e-09 4.87e-09
1.30e+10 6.34e-09 3.61e-09 1.65e-09 4.50e-09
1.32e+10 5.82e-09 3.32e-09 1.50e-09 4.15e-09
1.35e+10 5.34e-09 3.05e-09 1.35e-09 3.83e-09
1.38e+10 4.89e-09 2.80e-09 1.22e-09 3.53e-09
1.41e+10 4.48e-09 2.57e-09 1.11e-09 3.25e-09
1.44e+10 4.10e-09 2.36e-09 1.00e-09 3.00e-09
1.47e+10 3.75e-09 2.16e-09 9.10e-10 2.77e-09
1.50e+10 3.43e-09 1.98e-09 8.23e-10 2.54e-09
1.53e+10 3.14e-09 1.81e-09 7.43e-10 2.34e-09
1.56e+10 2.86e-09 1.66e-09 6.70e-10 2.15e-09
1.60e+10 2.61e-09 1.51e-09 6.03e-10 1.98e-09
1.63e+10 2.38e-09 1.38e-09 5.43e-10 1.82e-09
1.66e+10 2.16e-09 1.26e-09 4.89e-10 1.67e-09
1.70e+10 1.97e-09 1.15e-09 4.41e-10 1.53e-09
1.73e+10 1.79e-09 1.05e-09 3.96e-10 1.40e-09
1.77e+10 1.63e-09 9.56e-10 3.55e-10 1.28e-09
1.81e+10 1.48e-09 8.71e-10 3.19e-10 1.17e-09
1.84e+10 1.35e-09 7.93e-10 2.87e-10 1.07e-09
1.88e+10 1.23e-09 7.22e-10 2.56e-10 9.81e-10
1.92e+10 1.11e-09 6.57e-10 2.31e-10 8.98e-10
1.96e+10 1.01e-09 5.97e-10 2.07e-10 8.20e-10
2.00e+10 9.18e-10 5.44e-10 1.86e-10 7.49e-10
2.05e+10 8.34e-10 4.95e-10 1.69e-10 6.85e-10
2.09e+10 7.58e-10 4.50e-10 1.53e-10 6.26e-10
2.13e+10 6.89e-10 4.10e-10 1.39e-10 5.73e-10
2.18e+10 6.26e-10 3.73e-10 1.27e-10 5.24e-10
2.22e+10 5.69e-10 3.40e-10 1.16e-10 4.80e-10
2.27e+10 5.18e-10 3.10e-10 1.07e-10 4.39e-10
2.32e+10 4.71e-10 2.82e-10 9.86e-11 4.02e-10
2.36e+10 4.29e-10 2.58e-10 9.12e-11 3.68e-10
2.42e+10 3.91e-10 2.35e-10 8.41e-11 3.37e-10
2.46e+10 3.57e-10 2.15e-10 7.73e-11 3.08e-10
2.52e+10 3.26e-10 1.97e-10 7.14e-11 2.81e-10
2.57e+10 2.98e-10 1.80e-10 6.62e-11 2.57e-10
2.62e+10 2.72e-10 1.65e-10 6.19e-11 2.36e-10
2.68e+10 2.49e-10 1.51e-10 5.83e-11 2.17e-10
2.74e+10 2.29e-10 1.39e-10 5.51e-11 1.99e-10
2.79e+10 2.10e-10 1.28e-10 5.22e-11 1.83e-10
2.85e+10 1.93e-10 1.18e-10 4.95e-11 1.69e-10
2.91e+10 1.78e-10 1.09e-10 4.72e-11 1.55e-10
2.97e+10 1.64e-10 1.01e-10 4.51e-11 1.43e-10
3.03e+10 1.52e-10 9.31e-11 4.31e-11 1.32e-10
3.10e+10 1.41e-10 8.65e-11 4.13e-11 1.22e-10
3.16e+10 1.31e-10 8.04e-11 3.97e-11 1.13e-10
3.23e+10 1.22e-10 7.49e-11 3.82e-11 1.04e-10
3.30e+10 1.13e-10 7.00e-11 3.69e-11 9.68e-11
3.36e+10 1.06e-10 6.55e-11 3.58e-11 9.00e-11
3.44e+10 9.91e-11 6.14e-11 3.47e-11 8.38e-11
3.51e+10 9.29e-11 5.76e-11 3.36e-11 7.82e-11
3.58e+10 8.72e-11 5.42e-11 3.26e-11 7.30e-11
3.66e+10 8.20e-11 5.10e-11 3.16e-11 6.82e-11
3.73e+10 7.72e-11 4.82e-11 3.06e-11 6.38e-11
3.81e+10 7.28e-11 4.55e-11 2.97e-11 5.98e-11
3.89e+10 6.88e-11 4.31e-11 2.88e-11 5.61e-11
3.97e+10 6.51e-11 4.08e-11 2.79e-11 5.26e-11
4.06e+10 6.17e-11 3.87e-11 2.71e-11 4.95e-11
4.14e+10 5.85e-11 3.68e-11 2.63e-11 4.67e-11
4.23e+10 5.56e-11 3.50e-11 2.55e-11 4.40e-11
4.32e+10 5.29e-11 3.34e-11 2.47e-11 4.16e-11
4.41e+10 5.04e-11 3.18e-11 2.40e-11 3.94e-11
4.50e+10 4.80e-11 3.04e-11 2.33e-11 3.73e-11
4.59e+10 4.57e-11 2.90e-11 2.25e-11 3.54e-11
4.69e+10 4.37e-11 2.77e-11 2.18e-11 3.35e-11
4.79e+10 4.17e-11 2.65e-11 2.12e-11 3.19e-11
4.89e+10 3.99e-11 2.54e-11 2.05e-11 3.03e-11
4.99e+10 3.81e-11 2.43e-11 1.98e-11 2.89e-11
5.10e+10 3.65e-11 2.33e-11 1.92e-11 2.75e-11
5.20e+10 3.49e-11 2.23e-11 1.86e-11 2.62e-11
5.31e+10 3.34e-11 2.14e-11 1.80e-11 2.50e-11
5.42e+10 3.20e-11 2.06e-11 1.73e-11 2.39e-11
5.54e+10 3.07e-11 1.97e-11 1.67e-11 2.28e-11
5.65e+10 2.94e-11 1.89e-11 1.62e-11 2.18e-11
5.77e+10 2.82e-11 1.82e-11 1.56e-11 2.08e-11
5.89e+10 2.70e-11 1.75e-11 1.51e-11 1.99e-11
6.02e+10 2.59e-11 1.68e-11 1.46e-11 1.91e-11
6.14e+10 2.49e-11 1.62e-11 1.41e-11 1.83e-11
6.27e+10 2.39e-11 1.55e-11 1.36e-11 1.75e-11
6.40e+10 2.29e-11 1.49e-11 1.31e-11 1.68e-11
6.54e+10 2.20e-11 1.44e-11 1.27e-11 1.61e-11
6.67e+10 2.12e-11 1.38e-11 1.22e-11 1.55e-11
6.81e+10 2.03e-11 1.33e-11 1.18e-11 1.48e-11
6.96e+10 1.95e-11 1.28e-11 1.14e-11 1.42e-11
7.10e+10 1.87e-11 1.23e-11 1.10e-11 1.37e-11
7.25e+10 1.80e-11 1.18e-11 1.06e-11 1.31e-11
7.40e+10 1.73e-11 1.14e-11 1.02e-11 1.26e-11
7.56e+10 1.66e-11 1.09e-11 9.81e-12 1.21e-11
7.72e+10 1.60e-11 1.05e-11 9.46e-12 1.16e-11
7.88e+10 1.53e-11 1.01e-11 9.12e-12 1.12e-11
8.04e+10 1.47e-11 9.74e-12 8.77e-12 1.07e-11
8.21e+10 1.41e-11 9.36e-12 8.45e-12 1.03e-11
8.38e+10 1.36e-11 9.02e-12 8.15e-12 9.90e-12
8.56e+10 1.30e-11 8.68e-12 7.86e-12 9.53e-12
8.74e+10 1.25e-11 8.36e-12 7.58e-12 9.15e-12
8.92e+10 1.20e-11 8.04e-12 7.29e-12 8.80e-12
9.11e+10 1.15e-11 7.72e-12 7.02e-12 8.46e-12
9.30e+10 1.11e-11 7.43e-12 6.75e-12 8.12e-12
9.50e+10 1.07e-11 7.15e-12 6.50e-12 7.81e-12
9.69e+10 1.02e-11 6.87e-12 6.26e-12 7.49e-12
9.90e+10 9.84e-12 6.62e-12 6.03e-12 7.21e-12
