M phi_tot phi_unobs phi_low phi_up
1.01e+02 0.00e+00 nan nan nan
1.24e+02 0.00e+00 nan nan nan
1.52e+02 0.00e+00 nan nan nan
1.86e+02 0.00e+00 nan nan nan
2.27e+02 7.68e-14 nan nan nan
2.78e+02 9.83e-11 1.57e-11 -3.66e-10 4.83e-10
3.40e+02 1.71e-09 2.74e-10 -5.79e-09 7.24e-09
4.16e+02 1.82e-08 2.92e-09 -5.26e-08 6.92e-08
5.09e+02 1.57e-07 2.51e-08 -2.01e-07 3.30e-07
6.23e+02 8.26e-07 1.32e-07 -3.45e-07 9.24e-07
7.63e+02 2.81e-06 4.49e-07 -1.90e-07 1.82e-06
9.33e+02 6.75e-06 1.08e-06 4.26e-07 2.90e-06
1.14e+03 1.26e-05 2.02e-06 1.39e-06 4.02e-06
1.40e+03 1.95e-05 3.11e-06 2.38e-06 5.06e-06
1.71e+03 2.68e-05 4.28e-06 3.43e-06 6.22e-06
2.09e+03 3.43e-05 5.48e-06 4.49e-06 7.50e-06
2.56e+03 4.22e-05 6.74e-06 5.76e-06 8.85e-06
3.13e+03 5.06e-05 8.10e-06 7.24e-06 1.01e-05
3.83e+03 5.91e-05 9.47e-06 8.77e-06 1.11e-05
4.69e+03 6.65e-05 1.06e-05 1.01e-05 1.16e-05
5.73e+03 7.18e-05 1.15e-05 1.08e-05 1.17e-05
7.02e+03 7.42e-05 1.19e-05 1.07e-05 1.21e-05
8.58e+03 7.37e-05 1.18e-05 1.02e-05 1.22e-05
1.05e+04 7.06e-05 1.13e-05 9.42e-06 1.17e-05
1.28e+04 6.61e-05 1.06e-05 8.74e-06 1.09e-05
1.57e+04 6.13e-05 9.83e-06 8.19e-06 1.02e-05
1.92e+04 5.65e-05 9.03e-06 7.58e-06 9.58e-06
2.35e+04 5.17e-05 8.28e-06 6.91e-06 8.91e-06
2.88e+04 4.66e-05 7.46e-06 6.13e-06 8.11e-06
3.52e+04 4.13e-05 6.61e-06 5.33e-06 7.25e-06
4.31e+04 3.59e-05 5.74e-06 4.53e-06 6.34e-06
5.27e+04 3.05e-05 4.88e-06 3.83e-06 5.46e-06
6.45e+04 2.55e-05 4.08e-06 3.18e-06 4.60e-06
7.90e+04 2.09e-05 3.34e-06 2.61e-06 3.79e-06
9.66e+04 1.69e-05 2.70e-06 2.11e-06 3.07e-06
1.18e+05 1.34e-05 2.14e-06 1.70e-06 2.46e-06
1.45e+05 1.06e-05 1.70e-06 1.35e-06 1.94e-06
1.77e+05 8.25e-06 1.32e-06 1.08e-06 1.53e-06
2.16e+05 6.38e-06 1.02e-06 8.53e-07 1.18e-06
2.65e+05 4.92e-06 7.87e-07 6.76e-07 9.11e-07
3.24e+05 3.80e-06 6.08e-07 5.39e-07 7.12e-07
3.97e+05 2.97e-06 4.75e-07 4.23e-07 5.56e-07
4.85e+05 2.35e-06 3.76e-07 3.36e-07 4.42e-07
5.94e+05 1.86e-06 2.98e-07 2.67e-07 3.51e-07
7.26e+05 1.48e-06 2.37e-07 2.12e-07 2.78e-07
8.89e+05 1.17e-06 1.87e-07 1.66e-07 2.18e-07
1.09e+06 9.15e-07 1.47e-07 1.31e-07 1.71e-07
1.33e+06 7.08e-07 1.14e-07 1.02e-07 1.34e-07
1.63e+06 5.40e-07 8.72e-08 7.92e-08 1.04e-07
1.99e+06 4.07e-07 6.61e-08 6.09e-08 8.10e-08
2.44e+06 3.03e-07 4.96e-08 4.58e-08 6.22e-08
2.98e+06 2.23e-07 3.70e-08 3.40e-08 4.76e-08
3.65e+06 1.62e-07 2.73e-08 2.44e-08 3.59e-08
4.46e+06 1.17e-07 2.00e-08 1.72e-08 2.72e-08
5.46e+06 8.32e-08 1.46e-08 1.23e-08 2.11e-08
6.68e+06 5.88e-08 1.05e-08 8.71e-09 1.63e-08
8.17e+06 4.13e-08 7.62e-09 5.96e-09 1.27e-08
1.00e+07 2.87e-08 5.46e-09 3.99e-09 9.81e-09
1.22e+07 1.99e-08 3.91e-09 2.57e-09 7.60e-09
1.50e+07 1.36e-08 2.77e-09 1.61e-09 5.93e-09
1.83e+07 9.32e-09 1.97e-09 8.97e-10 4.60e-09
2.24e+07 6.33e-09 1.39e-09 4.54e-10 3.61e-09
2.74e+07 4.28e-09 9.82e-10 1.72e-10 2.84e-09
3.35e+07 2.88e-09 6.89e-10 -1.44e-11 2.24e-09
4.10e+07 1.93e-09 4.82e-10 -1.30e-10 1.76e-09
5.02e+07 1.29e-09 3.37e-10 -1.93e-10 1.39e-09
6.14e+07 8.56e-10 2.34e-10 -2.26e-10 1.10e-09
7.52e+07 5.67e-10 1.62e-10 -2.42e-10 8.70e-10
9.20e+07 3.75e-10 1.12e-10 -2.36e-10 6.89e-10
1.13e+08 2.47e-10 7.68e-11 -2.23e-10 5.48e-10
1.38e+08 1.62e-10 5.26e-11 -2.02e-10 4.39e-10
1.68e+08 1.06e-10 3.59e-11 -1.80e-10 3.52e-10
2.06e+08 6.92e-11 2.45e-11 -1.59e-10 2.82e-10
2.52e+08 4.51e-11 1.66e-11 -1.39e-10 2.27e-10
3.09e+08 2.93e-11 1.12e-11 -1.20e-10 1.82e-10
3.78e+08 1.90e-11 7.52e-12 -1.03e-10 1.47e-10
4.62e+08 1.23e-11 5.04e-12 -8.74e-11 1.18e-10
5.65e+08 7.94e-12 3.36e-12 -7.38e-11 9.54e-11
6.92e+08 5.12e-12 2.23e-12 -6.17e-11 7.69e-11
8.46e+08 3.30e-12 1.48e-12 -5.16e-11 6.23e-11
1.04e+09 2.12e-12 9.78e-13 -4.28e-11 5.03e-11
1.27e+09 1.36e-12 6.43e-13 -3.56e-11 4.09e-11
1.55e+09 8.70e-13 4.22e-13 -2.95e-11 3.32e-11
1.90e+09 5.57e-13 2.77e-13 -2.43e-11 2.69e-11
2.32e+09 3.56e-13 1.81e-13 -2.01e-11 2.18e-11
2.84e+09 2.27e-13 1.18e-13 -1.65e-11 1.77e-11
3.47e+09 1.44e-13 7.63e-14 -1.35e-11 1.44e-11
4.25e+09 9.19e-14 4.98e-14 -1.11e-11 1.17e-11
5.20e+09 5.84e-14 3.22e-14 -9.07e-12 9.49e-12
6.36e+09 3.71e-14 2.09e-14 -7.45e-12 7.74e-12
7.78e+09 2.35e-14 1.35e-14 -6.09e-12 6.29e-12
9.52e+09 1.49e-14 8.71e-15 -4.97e-12 5.11e-12
1.17e+10 9.42e-15 5.61e-15 -4.07e-12 4.16e-12
1.43e+10 5.96e-15 3.60e-15 -3.31e-12 3.38e-12
1.74e+10 3.76e-15 2.32e-15 -2.71e-12 2.75e-12
2.13e+10 2.37e-15 1.48e-15 -2.21e-12 2.24e-12
2.61e+10 1.50e-15 9.53e-16 -1.80e-12 1.82e-12
3.19e+10 9.42e-16 6.09e-16 -1.47e-12 1.48e-12
3.91e+10 5.93e-16 3.89e-16 -1.20e-12 1.20e-12
4.78e+10 3.73e-16 2.49e-16 -9.77e-13 9.84e-13
5.85e+10 2.34e-16 1.58e-16 -7.93e-13 7.98e-13
7.16e+10 1.47e-16 1.01e-16 -6.47e-13 6.50e-13
8.76e+10 9.23e-17 6.41e-17 -5.26e-13 5.28e-13
1.07e+11 5.79e-17 4.08e-17 -4.27e-13 4.29e-13
1.31e+11 3.63e-17 2.59e-17 -3.47e-13 3.48e-13
1.60e+11 2.27e-17 1.64e-17 -2.82e-13 2.83e-13
1.96e+11 1.42e-17 1.04e-17 -2.29e-13 2.30e-13
2.40e+11 8.88e-18 6.53e-18 -1.85e-13 1.85e-13
2.94e+11 5.55e-18 4.13e-18 -1.50e-13 1.50e-13
3.59e+11 3.47e-18 2.61e-18 -1.22e-13 1.22e-13
4.40e+11 2.16e-18 1.64e-18 -9.84e-14 9.85e-14
5.38e+11 1.35e-18 1.03e-18 -7.93e-14 7.94e-14
6.58e+11 8.42e-19 6.46e-19 -6.42e-14 6.43e-14
8.06e+11 5.24e-19 4.07e-19 -5.21e-14 5.21e-14
9.86e+11 3.27e-19 2.55e-19 -4.20e-14 4.20e-14
