M phi_tot phi_unobs phi_low phi_up
1.01e+02 0.00e+00 nan nan nan
1.17e+02 0.00e+00 nan nan nan
1.35e+02 0.00e+00 nan nan nan
1.56e+02 0.00e+00 nan nan nan
1.81e+02 0.00e+00 nan nan nan
2.09e+02 0.00e+00 nan nan nan
2.41e+02 7.26e-16 1.16e-16 -2.73e-12 2.73e-12
2.78e+02 2.53e-13 4.05e-14 -8.44e-11 8.53e-11
3.21e+02 7.72e-12 1.24e-12 -3.29e-10 3.47e-10
3.71e+02 7.49e-11 1.20e-11 -2.58e-09 2.70e-09
4.29e+02 4.62e-10 7.39e-11 -1.39e-08 1.46e-08
4.95e+02 2.54e-09 4.06e-10 -4.95e-08 5.35e-08
5.72e+02 1.23e-08 1.97e-09 -1.26e-07 1.43e-07
6.60e+02 4.90e-08 7.86e-09 -2.42e-07 3.04e-07
7.63e+02 1.59e-07 2.54e-08 -3.65e-07 5.37e-07
8.81e+02 4.30e-07 6.89e-08 -4.52e-07 8.49e-07
1.02e+03 9.84e-07 1.58e-07 -4.53e-07 1.24e-06
1.18e+03 1.96e-06 3.14e-07 -3.41e-07 1.71e-06
1.36e+03 3.47e-06 5.55e-07 -1.12e-07 2.26e-06
1.57e+03 5.59e-06 8.93e-07 2.12e-07 2.88e-06
1.81e+03 8.30e-06 1.33e-06 6.10e-07 3.59e-06
2.09e+03 1.16e-05 1.86e-06 1.07e-06 4.34e-06
2.42e+03 1.53e-05 2.45e-06 1.59e-06 5.14e-06
2.79e+03 1.94e-05 3.10e-06 2.18e-06 5.95e-06
3.22e+03 2.39e-05 3.83e-06 2.87e-06 6.77e-06
3.72e+03 2.87e-05 4.59e-06 3.65e-06 7.58e-06
4.30e+03 3.38e-05 5.41e-06 4.53e-06 8.37e-06
4.96e+03 3.91e-05 6.28e-06 5.49e-06 9.09e-06
5.73e+03 4.45e-05 7.12e-06 6.48e-06 9.65e-06
6.62e+03 4.97e-05 7.96e-06 7.48e-06 1.01e-05
7.65e+03 5.47e-05 8.75e-06 8.40e-06 1.05e-05
8.83e+03 5.90e-05 9.44e-06 9.01e-06 1.05e-05
1.02e+04 6.25e-05 1.00e-05 9.38e-06 1.05e-05
1.18e+04 6.52e-05 1.04e-05 9.65e-06 1.06e-05
1.36e+04 6.68e-05 1.07e-05 9.67e-06 1.09e-05
1.57e+04 6.74e-05 1.08e-05 9.53e-06 1.10e-05
1.82e+04 6.72e-05 1.07e-05 9.26e-06 1.11e-05
2.10e+04 6.62e-05 1.06e-05 8.87e-06 1.10e-05
2.42e+04 6.46e-05 1.03e-05 8.44e-06 1.08e-05
2.80e+04 6.25e-05 1.00e-05 7.99e-06 1.05e-05
3.23e+04 6.01e-05 9.62e-06 7.54e-06 1.02e-05
3.73e+04 5.73e-05 9.17e-06 7.04e-06 9.75e-06
4.31e+04 5.44e-05 8.70e-06 6.56e-06 9.30e-06
4.98e+04 5.12e-05 8.20e-06 6.07e-06 8.81e-06
5.75e+04 4.78e-05 7.65e-06 5.58e-06 8.28e-06
6.64e+04 4.43e-05 7.09e-06 5.09e-06 7.71e-06
7.67e+04 4.08e-05 6.53e-06 4.60e-06 7.11e-06
8.86e+04 3.72e-05 5.95e-06 4.15e-06 6.54e-06
1.02e+05 3.37e-05 5.39e-06 3.70e-06 5.93e-06
1.18e+05 3.03e-05 4.85e-06 3.30e-06 5.35e-06
1.37e+05 2.70e-05 4.32e-06 2.91e-06 4.77e-06
1.58e+05 2.39e-05 3.83e-06 2.56e-06 4.23e-06
1.82e+05 2.10e-05 3.36e-06 2.25e-06 3.73e-06
2.10e+05 1.84e-05 2.95e-06 1.98e-06 3.27e-06
2.43e+05 1.60e-05 2.56e-06 1.73e-06 2.85e-06
2.81e+05 1.38e-05 2.21e-06 1.51e-06 2.46e-06
3.24e+05 1.18e-05 1.89e-06 1.31e-06 2.11e-06
3.74e+05 1.01e-05 1.62e-06 1.15e-06 1.81e-06
4.32e+05 8.62e-06 1.38e-06 1.00e-06 1.55e-06
4.99e+05 7.32e-06 1.17e-06 8.74e-07 1.32e-06
5.77e+05 6.21e-06 9.93e-07 7.56e-07 1.12e-06
6.66e+05 5.26e-06 8.43e-07 6.63e-07 9.58e-07
7.69e+05 4.45e-06 7.12e-07 5.75e-07 8.13e-07
8.89e+05 3.76e-06 6.03e-07 4.96e-07 6.90e-07
1.03e+06 3.18e-06 5.09e-07 4.25e-07 5.84e-07
1.19e+06 2.69e-06 4.32e-07 3.64e-07 4.93e-07
1.37e+06 2.27e-06 3.65e-07 3.08e-07 4.15e-07
1.58e+06 1.92e-06 3.10e-07 2.66e-07 3.53e-07
1.83e+06 1.62e-06 2.63e-07 2.27e-07 2.99e-07
2.11e+06 1.36e-06 2.22e-07 1.94e-07 2.54e-07
2.44e+06 1.14e-06 1.87e-07 1.64e-07 2.13e-07
2.81e+06 9.55e-07 1.58e-07 1.39e-07 1.79e-07
3.25e+06 7.96e-07 1.33e-07 1.19e-07 1.52e-07
3.75e+06 6.62e-07 1.12e-07 1.01e-07 1.28e-07
4.34e+06 5.48e-07 9.35e-08 8.57e-08 1.09e-07
5.01e+06 4.52e-07 7.82e-08 7.28e-08 9.23e-08
5.78e+06 3.71e-07 6.53e-08 6.11e-08 7.79e-08
6.68e+06 3.04e-07 5.44e-08 5.09e-08 6.55e-08
7.72e+06 2.47e-07 4.52e-08 4.26e-08 5.58e-08
8.91e+06 2.01e-07 3.74e-08 3.48e-08 4.68e-08
1.03e+07 1.62e-07 3.09e-08 2.90e-08 4.01e-08
1.19e+07 1.31e-07 2.57e-08 2.40e-08 3.44e-08
1.37e+07 1.05e-07 2.10e-08 1.95e-08 2.93e-08
1.59e+07 8.39e-08 1.73e-08 1.59e-08 2.51e-08
1.83e+07 6.69e-08 1.41e-08 1.26e-08 2.12e-08
2.12e+07 5.31e-08 1.15e-08 1.02e-08 1.83e-08
2.44e+07 4.20e-08 9.42e-09 8.01e-09 1.56e-08
2.82e+07 3.31e-08 7.64e-09 6.16e-09 1.33e-08
3.26e+07 2.60e-08 6.18e-09 4.57e-09 1.11e-08
3.76e+07 2.04e-08 5.01e-09 3.53e-09 9.57e-09
4.35e+07 1.60e-08 4.05e-09 2.71e-09 8.28e-09
5.02e+07 1.24e-08 3.24e-09 2.01e-09 7.07e-09
5.80e+07 9.67e-09 2.61e-09 1.44e-09 6.05e-09
6.70e+07 7.50e-09 2.09e-09 9.96e-10 5.18e-09
7.74e+07 5.80e-09 1.66e-09 6.85e-10 4.46e-09
8.94e+07 4.48e-09 1.33e-09 4.33e-10 3.83e-09
1.03e+08 3.45e-09 1.05e-09 2.32e-10 3.29e-09
1.19e+08 2.65e-09 8.35e-10 7.24e-11 2.81e-09
1.38e+08 2.03e-09 6.62e-10 -4.24e-11 2.41e-09
1.59e+08 1.55e-09 5.18e-10 -1.27e-10 2.05e-09
1.84e+08 1.19e-09 4.13e-10 -1.87e-10 1.76e-09
2.12e+08 9.04e-10 3.21e-10 -2.24e-10 1.50e-09
2.45e+08 6.87e-10 2.51e-10 -2.42e-10 1.28e-09
2.83e+08 5.22e-10 1.96e-10 -2.52e-10 1.09e-09
3.27e+08 3.96e-10 1.53e-10 -2.55e-10 9.33e-10
3.78e+08 2.99e-10 1.19e-10 -2.49e-10 7.97e-10
4.36e+08 2.26e-10 9.17e-11 -2.38e-10 6.79e-10
5.04e+08 1.71e-10 7.12e-11 -2.28e-10 5.82e-10
5.82e+08 1.29e-10 5.48e-11 -2.13e-10 4.95e-10
6.72e+08 9.67e-11 4.20e-11 -1.97e-10 4.22e-10
7.76e+08 7.26e-11 3.21e-11 -1.81e-10 3.60e-10
8.96e+08 5.45e-11 2.45e-11 -1.64e-10 3.07e-10
1.04e+09 4.08e-11 1.88e-11 -1.49e-10 2.64e-10
1.20e+09 3.05e-11 1.43e-11 -1.35e-10 2.26e-10
1.38e+09 2.28e-11 1.09e-11 -1.21e-10 1.93e-10
1.59e+09 1.70e-11 8.26e-12 -1.08e-10 1.65e-10
1.84e+09 1.27e-11 6.29e-12 -9.62e-11 1.42e-10
2.13e+09 9.45e-12 4.76e-12 -8.58e-11 1.22e-10
2.46e+09 7.03e-12 3.59e-12 -7.56e-11 1.04e-10
2.84e+09 5.22e-12 2.71e-12 -6.74e-11 8.95e-11
3.28e+09 3.88e-12 2.04e-12 -5.92e-11 7.63e-11
3.79e+09 2.87e-12 1.54e-12 -5.22e-11 6.56e-11
4.37e+09 2.13e-12 1.16e-12 -4.59e-11 5.64e-11
5.05e+09 1.58e-12 8.70e-13 -4.02e-11 4.85e-11
5.83e+09 1.17e-12 6.53e-13 -3.52e-11 4.18e-11
6.74e+09 8.61e-13 4.87e-13 -3.08e-11 3.59e-11
7.78e+09 6.36e-13 3.65e-13 -2.69e-11 3.10e-11
8.99e+09 4.69e-13 2.72e-13 -2.35e-11 2.66e-11
1.04e+10 3.45e-13 2.03e-13 -2.06e-11 2.30e-11
1.20e+10 2.54e-13 1.52e-13 -1.79e-11 1.99e-11
1.38e+10 1.87e-13 1.13e-13 -1.56e-11 1.71e-11
1.60e+10 1.38e-13 8.43e-14 -1.36e-11 1.48e-11
1.85e+10 1.01e-13 6.25e-14 -1.18e-11 1.27e-11
2.13e+10 7.42e-14 4.64e-14 -1.03e-11 1.10e-11
2.46e+10 5.44e-14 3.44e-14 -8.89e-12 9.44e-12
2.85e+10 3.99e-14 2.55e-14 -7.72e-12 8.15e-12
3.29e+10 2.92e-14 1.89e-14 -6.76e-12 7.09e-12
3.80e+10 2.14e-14 1.40e-14 -5.83e-12 6.08e-12
4.39e+10 1.57e-14 1.04e-14 -5.07e-12 5.26e-12
5.07e+10 1.14e-14 7.62e-15 -4.40e-12 4.55e-12
5.85e+10 8.36e-15 5.65e-15 -3.81e-12 3.93e-12
6.76e+10 6.11e-15 4.17e-15 -3.31e-12 3.40e-12
7.80e+10 4.46e-15 3.07e-15 -2.86e-12 2.93e-12
9.01e+10 3.25e-15 2.26e-15 -2.48e-12 2.53e-12
1.04e+11 2.37e-15 1.66e-15 -2.14e-12 2.18e-12
1.20e+11 1.73e-15 1.23e-15 -1.86e-12 1.89e-12
1.39e+11 1.26e-15 9.03e-16 -1.61e-12 1.63e-12
1.60e+11 9.15e-16 6.60e-16 -1.39e-12 1.41e-12
1.85e+11 6.66e-16 4.85e-16 -1.20e-12 1.22e-12
2.14e+11 4.84e-16 3.55e-16 -1.04e-12 1.05e-12
2.47e+11 3.52e-16 2.60e-16 -8.97e-13 9.06e-13
2.85e+11 2.55e-16 1.90e-16 -7.71e-13 7.77e-13
3.30e+11 1.85e-16 1.39e-16 -6.67e-13 6.72e-13
3.81e+11 1.35e-16 1.02e-16 -5.76e-13 5.80e-13
4.40e+11 9.76e-17 7.39e-17 -4.95e-13 4.98e-13
5.08e+11 7.08e-17 5.40e-17 -4.28e-13 4.30e-13
5.87e+11 5.13e-17 3.93e-17 -3.69e-13 3.70e-13
6.78e+11 3.71e-17 2.86e-17 -3.17e-13 3.19e-13
7.83e+11 2.69e-17 2.08e-17 -2.73e-13 2.74e-13
9.04e+11 1.95e-17 1.51e-17 -2.35e-13 2.36e-13
