M phi_tot phi_unobs phi_low phi_up
1.01e+02 0.00e+00 0.00e+00 nan nan
1.22e+02 0.00e+00 0.00e+00 nan nan
1.47e+02 0.00e+00 0.00e+00 nan nan
1.77e+02 0.00e+00 0.00e+00 nan nan
2.13e+02 0.00e+00 0.00e+00 nan nan
2.57e+02 3.72e-18 5.96e-19 4.44e-19 7.83e-19
3.10e+02 9.07e-14 1.45e-14 1.27e-14 1.77e-14
3.73e+02 2.47e-11 3.96e-12 3.51e-12 4.73e-12
4.50e+02 8.67e-10 1.39e-10 1.25e-10 1.65e-10
5.42e+02 1.25e-08 2.00e-09 1.81e-09 2.36e-09
6.54e+02 1.34e-07 2.14e-08 1.94e-08 2.52e-08
7.88e+02 1.07e-06 1.71e-07 1.55e-07 2.00e-07
9.50e+02 6.03e-06 9.65e-07 8.78e-07 1.12e-06
1.14e+03 2.42e-05 3.88e-06 3.53e-06 4.45e-06
1.38e+03 7.41e-05 1.19e-05 1.08e-05 1.35e-05
1.66e+03 1.78e-04 2.85e-05 2.62e-05 3.21e-05
2.00e+03 3.58e-04 5.73e-05 5.31e-05 6.40e-05
2.42e+03 6.21e-04 9.94e-05 9.28e-05 1.10e-04
2.91e+03 9.60e-04 1.54e-04 1.44e-04 1.69e-04
3.51e+03 1.37e-03 2.19e-04 2.07e-04 2.38e-04
4.23e+03 1.83e-03 2.93e-04 2.79e-04 3.17e-04
5.10e+03 2.35e-03 3.76e-04 3.59e-04 4.05e-04
6.14e+03 2.92e-03 4.68e-04 4.47e-04 5.00e-04
7.40e+03 3.53e-03 5.65e-04 5.42e-04 6.00e-04
8.92e+03 4.14e-03 6.63e-04 6.38e-04 7.01e-04
1.08e+04 4.73e-03 7.57e-04 7.32e-04 7.96e-04
1.30e+04 5.25e-03 8.40e-04 8.15e-04 8.78e-04
1.56e+04 5.67e-03 9.07e-04 8.83e-04 9.42e-04
1.88e+04 5.95e-03 9.52e-04 9.31e-04 9.82e-04
2.27e+04 6.10e-03 9.76e-04 9.60e-04 1.00e-03
2.74e+04 6.12e-03 9.79e-04 9.67e-04 9.97e-04
3.30e+04 6.05e-03 9.67e-04 9.60e-04 9.79e-04
3.97e+04 5.89e-03 9.42e-04 9.39e-04 9.48e-04
4.79e+04 5.68e-03 9.08e-04 9.06e-04 9.09e-04
5.77e+04 5.42e-03 8.67e-04 8.61e-04 8.71e-04
6.96e+04 5.12e-03 8.20e-04 8.10e-04 8.26e-04
8.38e+04 4.80e-03 7.67e-04 7.53e-04 7.76e-04
1.01e+05 4.44e-03 7.11e-04 6.94e-04 7.22e-04
1.22e+05 4.07e-03 6.51e-04 6.32e-04 6.64e-04
1.47e+05 3.70e-03 5.92e-04 5.70e-04 6.05e-04
1.77e+05 3.32e-03 5.31e-04 5.08e-04 5.46e-04
2.13e+05 2.96e-03 4.73e-04 4.48e-04 4.88e-04
2.57e+05 2.61e-03 4.17e-04 3.92e-04 4.32e-04
3.10e+05 2.28e-03 3.65e-04 3.41e-04 3.80e-04
3.73e+05 1.98e-03 3.17e-04 2.94e-04 3.32e-04
4.50e+05 1.71e-03 2.73e-04 2.51e-04 2.88e-04
5.42e+05 1.47e-03 2.35e-04 2.14e-04 2.48e-04
6.54e+05 1.25e-03 2.00e-04 1.81e-04 2.13e-04
7.88e+05 1.07e-03 1.71e-04 1.53e-04 1.83e-04
9.50e+05 9.06e-04 1.45e-04 1.29e-04 1.56e-04
1.14e+06 7.68e-04 1.23e-04 1.09e-04 1.33e-04
1.38e+06 6.51e-04 1.04e-04 9.13e-05 1.13e-04
1.66e+06 5.50e-04 8.80e-05 7.63e-05 9.57e-05
2.00e+06 4.64e-04 7.42e-05 6.37e-05 8.09e-05
2.42e+06 3.91e-04 6.25e-05 5.31e-05 6.83e-05
2.91e+06 3.29e-04 5.26e-05 4.43e-05 5.76e-05
3.51e+06 2.76e-04 4.42e-05 3.68e-05 4.83e-05
4.23e+06 2.31e-04 3.71e-05 3.05e-05 4.05e-05
5.10e+06 1.94e-04 3.10e-05 2.53e-05 3.40e-05
6.14e+06 1.62e-04 2.60e-05 2.11e-05 2.86e-05
7.40e+06 1.35e-04 2.17e-05 1.75e-05 2.40e-05
8.92e+06 1.12e-04 1.82e-05 1.46e-05 2.02e-05
1.08e+07 9.37e-05 1.52e-05 1.22e-05 1.69e-05
1.30e+07 7.80e-05 1.28e-05 1.02e-05 1.43e-05
1.56e+07 6.50e-05 1.07e-05 8.59e-06 1.20e-05
1.88e+07 5.41e-05 9.03e-06 7.21e-06 1.02e-05
2.27e+07 4.51e-05 7.63e-06 6.09e-06 8.60e-06
2.74e+07 3.76e-05 6.47e-06 5.18e-06 7.32e-06
3.30e+07 3.14e-05 5.51e-06 4.44e-06 6.25e-06
3.97e+07 2.62e-05 4.71e-06 3.79e-06 5.34e-06
4.79e+07 2.19e-05 4.04e-06 3.25e-06 4.57e-06
5.77e+07 1.83e-05 3.49e-06 2.84e-06 3.98e-06
6.96e+07 1.53e-05 3.02e-06 2.50e-06 3.47e-06
8.38e+07 1.28e-05 2.63e-06 2.20e-06 3.04e-06
1.01e+08 1.07e-05 2.30e-06 1.93e-06 2.66e-06
1.22e+08 8.96e-06 2.02e-06 1.69e-06 2.32e-06
1.47e+08 7.50e-06 1.78e-06 1.49e-06 2.04e-06
1.77e+08 6.27e-06 1.57e-06 1.33e-06 1.82e-06
2.13e+08 5.24e-06 1.40e-06 1.19e-06 1.62e-06
2.57e+08 4.37e-06 1.23e-06 1.06e-06 1.44e-06
3.10e+08 3.65e-06 1.08e-06 9.42e-07 1.29e-06
3.73e+08 3.04e-06 9.45e-07 8.18e-07 1.13e-06
4.50e+08 2.52e-06 8.22e-07 7.02e-07 9.79e-07
5.42e+08 2.09e-06 7.11e-07 6.13e-07 8.61e-07
6.54e+08 1.73e-06 6.11e-07 5.28e-07 7.49e-07
7.88e+08 1.42e-06 5.23e-07 4.49e-07 6.47e-07
9.50e+08 1.17e-06 4.45e-07 3.79e-07 5.55e-07
1.14e+09 9.57e-07 3.77e-07 3.17e-07 4.73e-07
1.38e+09 7.80e-07 3.17e-07 2.64e-07 4.03e-07
1.66e+09 6.33e-07 2.65e-07 2.21e-07 3.43e-07
2.00e+09 5.12e-07 2.20e-07 1.84e-07 2.90e-07
2.42e+09 4.11e-07 1.82e-07 1.51e-07 2.43e-07
2.91e+09 3.29e-07 1.49e-07 1.23e-07 2.02e-07
3.51e+09 2.62e-07 1.21e-07 9.72e-08 1.65e-07
4.23e+09 2.07e-07 9.82e-08 7.63e-08 1.34e-07
5.10e+09 1.62e-07 7.88e-08 5.99e-08 1.08e-07
6.14e+09 1.26e-07 6.28e-08 4.74e-08 8.77e-08
7.40e+09 9.78e-08 4.96e-08 3.72e-08 7.05e-08
8.92e+09 7.51e-08 3.89e-08 2.83e-08 5.55e-08
1.08e+10 5.72e-08 3.02e-08 2.11e-08 4.32e-08
1.30e+10 4.32e-08 2.32e-08 1.59e-08 3.37e-08
1.56e+10 3.23e-08 1.77e-08 1.15e-08 2.58e-08
1.88e+10 2.39e-08 1.33e-08 8.23e-09 1.95e-08
2.27e+10 1.76e-08 9.95e-09 5.88e-09 1.48e-08
2.74e+10 1.27e-08 7.34e-09 4.16e-09 1.11e-08
3.30e+10 9.14e-09 5.36e-09 2.96e-09 8.35e-09
3.97e+10 6.48e-09 3.86e-09 1.93e-09 6.10e-09
4.79e+10 4.54e-09 2.75e-09 1.30e-09 4.49e-09
5.77e+10 3.14e-09 1.93e-09 8.36e-10 3.27e-09
6.96e+10 2.14e-09 1.34e-09 3.92e-10 2.24e-09
8.38e+10 1.44e-09 9.13e-10 1.60e-10 1.55e-09
