M phi_tot phi_unobs phi_low phi_up
1.02e+02 0.00e+00 0.00e+00 nan nan
1.24e+02 0.00e+00 0.00e+00 nan nan
1.52e+02 0.00e+00 0.00e+00 nan nan
1.86e+02 0.00e+00 0.00e+00 nan nan
2.27e+02 8.10e-09 1.30e-09 -2.52e-09 5.06e-09
2.78e+02 8.08e-07 1.29e-07 -1.89e-08 3.02e-07
3.40e+02 8.68e-06 1.39e-06 -1.38e-06 4.38e-06
4.16e+02 1.04e-04 1.66e-05 -7.65e-06 4.39e-05
5.10e+02 5.63e-04 9.01e-05 3.58e-06 1.90e-04
6.23e+02 1.64e-03 2.62e-04 1.17e-04 4.37e-04
7.63e+02 2.99e-03 4.78e-04 3.36e-04 6.52e-04
9.33e+02 4.02e-03 6.43e-04 5.44e-04 7.53e-04
1.14e+03 4.60e-03 7.35e-04 6.75e-04 7.99e-04
1.40e+03 5.10e-03 8.16e-04 7.45e-04 8.90e-04
1.71e+03 5.90e-03 9.44e-04 8.39e-04 1.07e-03
2.09e+03 7.02e-03 1.12e-03 9.99e-04 1.28e-03
2.56e+03 8.09e-03 1.29e-03 1.20e-03 1.41e-03
3.13e+03 8.67e-03 1.39e-03 1.34e-03 1.43e-03
3.83e+03 8.62e-03 1.38e-03 1.32e-03 1.41e-03
4.69e+03 8.00e-03 1.28e-03 1.17e-03 1.38e-03
5.73e+03 6.98e-03 1.12e-03 9.58e-04 1.24e-03
7.02e+03 5.84e-03 9.35e-04 7.75e-04 1.06e-03
8.58e+03 4.91e-03 7.86e-04 6.64e-04 8.82e-04
1.05e+04 4.41e-03 7.05e-04 6.44e-04 7.61e-04
1.28e+04 4.22e-03 6.75e-04 6.45e-04 7.08e-04
1.57e+04 3.99e-03 6.39e-04 5.98e-04 6.80e-04
1.92e+04 3.53e-03 5.65e-04 5.03e-04 6.23e-04
2.35e+04 2.95e-03 4.73e-04 4.03e-04 5.32e-04
2.88e+04 2.39e-03 3.82e-04 3.17e-04 4.38e-04
3.52e+04 1.88e-03 3.01e-04 2.45e-04 3.50e-04
4.31e+04 1.45e-03 2.32e-04 1.87e-04 2.73e-04
5.27e+04 1.11e-03 1.77e-04 1.42e-04 2.09e-04
6.45e+04 8.45e-04 1.35e-04 1.09e-04 1.59e-04
7.90e+04 6.45e-04 1.03e-04 8.46e-05 1.21e-04
9.66e+04 4.88e-04 7.82e-05 6.44e-05 9.18e-05
1.18e+05 3.68e-04 5.88e-05 4.88e-05 6.89e-05
1.45e+05 2.76e-04 4.41e-05 3.71e-05 5.12e-05
1.77e+05 2.11e-04 3.37e-05 2.92e-05 3.83e-05
2.16e+05 1.73e-04 2.76e-05 2.61e-05 2.97e-05
2.65e+05 1.53e-04 2.45e-05 2.32e-05 2.60e-05
3.24e+05 1.31e-04 2.09e-05 1.89e-05 2.26e-05
3.96e+05 1.04e-04 1.67e-05 1.46e-05 1.88e-05
4.85e+05 7.93e-05 1.27e-05 1.07e-05 1.46e-05
5.94e+05 5.83e-05 9.33e-06 7.68e-06 1.09e-05
7.26e+05 4.20e-05 6.72e-06 5.48e-06 7.89e-06
8.89e+05 2.98e-05 4.77e-06 3.90e-06 5.61e-06
1.09e+06 2.09e-05 3.36e-06 2.76e-06 3.93e-06
1.33e+06 1.46e-05 2.34e-06 1.96e-06 2.71e-06
1.63e+06 1.01e-05 1.63e-06 1.38e-06 1.85e-06
1.99e+06 7.01e-06 1.13e-06 9.78e-07 1.26e-06
2.44e+06 4.83e-06 7.82e-07 6.99e-07 8.68e-07
2.98e+06 3.32e-06 5.41e-07 4.92e-07 5.94e-07
3.65e+06 2.28e-06 3.74e-07 3.49e-07 4.18e-07
4.46e+06 1.57e-06 2.59e-07 2.42e-07 2.98e-07
5.46e+06 1.07e-06 1.79e-07 1.63e-07 2.12e-07
6.68e+06 7.34e-07 1.24e-07 1.09e-07 1.53e-07
8.17e+06 5.02e-07 8.63e-08 7.21e-08 1.12e-07
1.00e+07 3.44e-07 6.01e-08 4.68e-08 8.11e-08
1.22e+07 2.35e-07 4.20e-08 2.96e-08 5.89e-08
1.50e+07 1.61e-07 2.94e-08 1.86e-08 4.32e-08
1.83e+07 1.10e-07 2.06e-08 1.17e-08 3.23e-08
2.24e+07 7.50e-08 1.45e-08 7.27e-09 2.43e-08
2.74e+07 5.13e-08 1.02e-08 4.32e-09 1.83e-08
3.36e+07 3.50e-08 7.22e-09 2.28e-09 1.38e-08
4.10e+07 2.39e-08 5.11e-09 9.93e-10 1.04e-08
5.02e+07 1.64e-08 3.63e-09 2.44e-10 7.96e-09
6.14e+07 1.12e-08 2.59e-09 -2.24e-10 6.09e-09
7.52e+07 7.65e-09 1.85e-09 -4.50e-10 4.72e-09
9.20e+07 5.23e-09 1.32e-09 -5.72e-10 3.66e-09
1.12e+08 3.58e-09 9.46e-10 -6.15e-10 2.85e-09
1.38e+08 2.44e-09 6.79e-10 -6.11e-10 2.24e-09
1.68e+08 1.67e-09 4.88e-10 -5.79e-10 1.76e-09
2.06e+08 1.14e-09 3.51e-10 -5.32e-10 1.39e-09
2.52e+08 7.82e-10 2.53e-10 -4.78e-10 1.11e-09
3.09e+08 5.35e-10 1.81e-10 -4.21e-10 8.76e-10
3.78e+08 3.66e-10 1.29e-10 -3.67e-10 6.93e-10
4.62e+08 2.50e-10 9.21e-11 -3.16e-10 5.49e-10
5.65e+08 1.71e-10 6.54e-11 -2.69e-10 4.36e-10
6.92e+08 1.17e-10 4.64e-11 -2.27e-10 3.45e-10
8.46e+08 8.03e-11 3.29e-11 -1.91e-10 2.74e-10
1.04e+09 5.49e-11 2.32e-11 -1.60e-10 2.18e-10
1.27e+09 3.76e-11 1.64e-11 -1.32e-10 1.74e-10
1.55e+09 2.58e-11 1.15e-11 -1.09e-10 1.38e-10
1.90e+09 1.76e-11 8.12e-12 -9.00e-11 1.11e-10
2.32e+09 1.21e-11 5.71e-12 -7.39e-11 8.83e-11
2.84e+09 8.27e-12 4.01e-12 -6.05e-11 7.07e-11
3.47e+09 5.66e-12 2.81e-12 -4.95e-11 5.66e-11
4.25e+09 3.88e-12 1.97e-12 -4.04e-11 4.54e-11
5.20e+09 2.66e-12 1.38e-12 -3.29e-11 3.64e-11
6.36e+09 1.82e-12 9.65e-13 -2.68e-11 2.92e-11
7.78e+09 1.25e-12 6.75e-13 -2.18e-11 2.35e-11
9.52e+09 8.56e-13 4.72e-13 -1.77e-11 1.89e-11
1.16e+10 5.86e-13 3.30e-13 -1.44e-11 1.52e-11
1.42e+10 4.02e-13 2.30e-13 -1.17e-11 1.23e-11
1.74e+10 2.75e-13 1.61e-13 -9.48e-12 9.89e-12
2.13e+10 1.89e-13 1.12e-13 -7.70e-12 7.98e-12
2.61e+10 1.29e-13 7.82e-14 -6.24e-12 6.44e-12
3.19e+10 8.88e-14 5.45e-14 -5.06e-12 5.20e-12
3.91e+10 6.08e-14 3.80e-14 -4.10e-12 4.20e-12
4.78e+10 4.17e-14 2.65e-14 -3.33e-12 3.39e-12
5.85e+10 2.86e-14 1.84e-14 -2.70e-12 2.74e-12
7.16e+10 1.96e-14 1.28e-14 -2.19e-12 2.22e-12
8.76e+10 1.34e-14 8.93e-15 -1.77e-12 1.80e-12
1.07e+11 9.22e-15 6.22e-15 -1.44e-12 1.45e-12
1.31e+11 6.32e-15 4.32e-15 -1.16e-12 1.17e-12
1.60e+11 4.33e-15 3.00e-15 -9.43e-13 9.51e-13
1.96e+11 2.97e-15 2.08e-15 -7.65e-13 7.70e-13
2.40e+11 2.04e-15 1.45e-15 -6.19e-13 6.23e-13
2.94e+11 1.39e-15 1.00e-15 -5.01e-13 5.04e-13
3.60e+11 9.55e-16 6.95e-16 -4.06e-13 4.08e-13
4.40e+11 6.55e-16 4.82e-16 -3.29e-13 3.30e-13
5.38e+11 4.48e-16 3.33e-16 -2.66e-13 2.67e-13
6.58e+11 3.07e-16 2.30e-16 -2.15e-13 2.16e-13
8.06e+11 2.09e-16 1.59e-16 -1.74e-13 1.75e-13
9.86e+11 1.43e-16 1.10e-16 -1.41e-13 1.41e-13
