M phi_tot phi_unobs phi_low phi_up
1.01e+02 0.00e+00 0.00e+00 nan nan
1.22e+02 0.00e+00 0.00e+00 nan nan
1.47e+02 0.00e+00 0.00e+00 nan nan
1.77e+02 0.00e+00 0.00e+00 nan nan
2.13e+02 0.00e+00 0.00e+00 nan nan
2.57e+02 0.00e+00 0.00e+00 nan nan
3.10e+02 1.18e-18 1.90e-19 3.63e-20 1.24e-19
3.73e+02 1.87e-14 2.99e-15 1.01e-15 2.24e-15
4.50e+02 5.27e-12 8.44e-13 3.65e-13 6.81e-13
5.42e+02 2.08e-10 3.33e-11 1.70e-11 2.83e-11
6.54e+02 3.30e-09 5.27e-10 2.92e-10 4.60e-10
7.88e+02 3.68e-08 5.89e-09 3.38e-09 5.20e-09
9.50e+02 3.13e-07 5.00e-08 3.00e-08 4.48e-08
1.14e+03 1.92e-06 3.07e-07 1.94e-07 2.80e-07
1.38e+03 8.49e-06 1.36e-06 9.07e-07 1.26e-06
1.66e+03 2.83e-05 4.52e-06 3.17e-06 4.26e-06
2.00e+03 7.49e-05 1.20e-05 8.78e-06 1.14e-05
2.42e+03 1.65e-04 2.63e-05 2.01e-05 2.54e-05
2.91e+03 3.09e-04 4.95e-05 3.91e-05 4.82e-05
3.51e+03 5.16e-04 8.26e-05 6.74e-05 8.12e-05
4.23e+03 7.83e-04 1.25e-04 1.05e-04 1.24e-04
5.10e+03 1.11e-03 1.78e-04 1.52e-04 1.76e-04
6.14e+03 1.49e-03 2.39e-04 2.08e-04 2.38e-04
7.40e+03 1.93e-03 3.08e-04 2.73e-04 3.08e-04
8.92e+03 2.41e-03 3.85e-04 3.45e-04 3.86e-04
1.08e+04 2.92e-03 4.68e-04 4.24e-04 4.70e-04
1.30e+04 3.45e-03 5.53e-04 5.07e-04 5.56e-04
1.56e+04 3.97e-03 6.36e-04 5.89e-04 6.40e-04
1.88e+04 4.45e-03 7.12e-04 6.67e-04 7.18e-04
2.27e+04 4.85e-03 7.76e-04 7.36e-04 7.84e-04
2.74e+04 5.17e-03 8.27e-04 7.93e-04 8.36e-04
3.30e+04 5.38e-03 8.61e-04 8.36e-04 8.72e-04
3.97e+04 5.51e-03 8.81e-04 8.62e-04 8.92e-04
4.79e+04 5.54e-03 8.87e-04 8.76e-04 8.98e-04
5.77e+04 5.51e-03 8.82e-04 8.77e-04 8.92e-04
6.96e+04 5.41e-03 8.66e-04 8.67e-04 8.76e-04
8.38e+04 5.26e-03 8.42e-04 8.47e-04 8.53e-04
1.01e+05 5.07e-03 8.11e-04 8.16e-04 8.25e-04
1.22e+05 4.83e-03 7.73e-04 7.78e-04 7.92e-04
1.47e+05 4.57e-03 7.31e-04 7.34e-04 7.53e-04
1.77e+05 4.28e-03 6.84e-04 6.87e-04 7.09e-04
2.13e+05 3.97e-03 6.35e-04 6.36e-04 6.62e-04
2.57e+05 3.65e-03 5.84e-04 5.84e-04 6.13e-04
3.10e+05 3.33e-03 5.34e-04 5.32e-04 5.62e-04
3.73e+05 3.02e-03 4.83e-04 4.81e-04 5.13e-04
4.50e+05 2.72e-03 4.35e-04 4.33e-04 4.64e-04
5.42e+05 2.44e-03 3.89e-04 3.86e-04 4.17e-04
6.54e+05 2.17e-03 3.47e-04 3.42e-04 3.73e-04
7.88e+05 1.92e-03 3.07e-04 3.02e-04 3.32e-04
9.50e+05 1.70e-03 2.71e-04 2.66e-04 2.94e-04
1.14e+06 1.49e-03 2.39e-04 2.33e-04 2.60e-04
1.38e+06 1.31e-03 2.10e-04 2.04e-04 2.29e-04
1.66e+06 1.15e-03 1.84e-04 1.78e-04 2.01e-04
2.00e+06 1.01e-03 1.61e-04 1.55e-04 1.76e-04
2.42e+06 8.82e-04 1.41e-04 1.35e-04 1.54e-04
2.91e+06 7.71e-04 1.23e-04 1.18e-04 1.35e-04
3.51e+06 6.73e-04 1.08e-04 1.03e-04 1.18e-04
4.23e+06 5.87e-04 9.41e-05 8.94e-05 1.03e-04
5.10e+06 5.12e-04 8.21e-05 7.77e-05 9.03e-05
6.14e+06 4.46e-04 7.16e-05 6.76e-05 7.88e-05
7.40e+06 3.89e-04 6.25e-05 5.88e-05 6.87e-05
8.92e+06 3.39e-04 5.46e-05 5.11e-05 5.99e-05
1.08e+07 2.95e-04 4.77e-05 4.45e-05 5.23e-05
1.30e+07 2.57e-04 4.17e-05 3.89e-05 4.57e-05
1.56e+07 2.24e-04 3.66e-05 3.41e-05 4.01e-05
1.88e+07 1.95e-04 3.22e-05 2.99e-05 3.52e-05
2.27e+07 1.70e-04 2.83e-05 2.63e-05 3.09e-05
2.74e+07 1.48e-04 2.51e-05 2.32e-05 2.72e-05
3.30e+07 1.29e-04 2.22e-05 2.06e-05 2.41e-05
3.97e+07 1.12e-04 1.98e-05 1.83e-05 2.14e-05
4.79e+07 9.79e-05 1.77e-05 1.63e-05 1.90e-05
5.77e+07 8.54e-05 1.59e-05 1.47e-05 1.70e-05
6.96e+07 7.44e-05 1.43e-05 1.33e-05 1.53e-05
8.38e+07 6.48e-05 1.30e-05 1.20e-05 1.38e-05
1.01e+08 5.63e-05 1.18e-05 1.10e-05 1.24e-05
1.22e+08 4.89e-05 1.07e-05 9.98e-06 1.13e-05
1.47e+08 4.25e-05 9.81e-06 9.21e-06 1.03e-05
1.77e+08 3.67e-05 8.99e-06 8.50e-06 9.50e-06
2.13e+08 3.17e-05 8.25e-06 7.78e-06 8.68e-06
2.57e+08 2.73e-05 7.52e-06 7.10e-06 7.92e-06
3.10e+08 2.34e-05 6.81e-06 6.42e-06 7.18e-06
3.73e+08 2.00e-05 6.11e-06 5.79e-06 6.51e-06
4.50e+08 1.70e-05 5.45e-06 5.17e-06 5.85e-06
5.42e+08 1.44e-05 4.82e-06 4.55e-06 5.21e-06
6.54e+08 1.21e-05 4.22e-06 3.95e-06 4.58e-06
7.88e+08 1.01e-05 3.66e-06 3.37e-06 3.98e-06
9.50e+08 8.40e-06 3.15e-06 2.87e-06 3.44e-06
1.14e+09 6.91e-06 2.68e-06 2.40e-06 2.94e-06
1.38e+09 5.64e-06 2.26e-06 1.99e-06 2.49e-06
1.66e+09 4.55e-06 1.88e-06 1.62e-06 2.08e-06
2.00e+09 3.64e-06 1.55e-06 1.32e-06 1.72e-06
2.42e+09 2.87e-06 1.26e-06 1.05e-06 1.40e-06
2.91e+09 2.24e-06 1.01e-06 8.17e-07 1.12e-06
3.51e+09 1.73e-06 7.94e-07 6.25e-07 8.79e-07
4.23e+09 1.31e-06 6.17e-07 4.67e-07 6.78e-07
5.10e+09 9.79e-07 4.71e-07 3.42e-07 5.12e-07
6.14e+09 7.19e-07 3.54e-07 2.46e-07 3.80e-07
7.40e+09 5.19e-07 2.61e-07 1.72e-07 2.76e-07
8.92e+09 3.68e-07 1.89e-07 1.19e-07 1.97e-07
1.08e+10 2.56e-07 1.34e-07 8.20e-08 1.39e-07
1.30e+10 1.75e-07 9.33e-08 5.48e-08 9.51e-08
1.56e+10 1.17e-07 6.37e-08 3.59e-08 6.36e-08
1.88e+10 7.70e-08 4.26e-08 2.34e-08 4.19e-08
2.27e+10 4.98e-08 2.80e-08 1.52e-08 2.71e-08
2.74e+10 3.17e-08 1.81e-08 9.97e-09 1.73e-08
3.30e+10 1.98e-08 1.15e-08 6.49e-09 1.09e-08
3.97e+10 1.23e-08 7.30e-09 4.28e-09 6.80e-09
4.79e+10 7.63e-09 4.58e-09 2.87e-09 4.27e-09
5.77e+10 4.72e-09 2.88e-09 1.94e-09 2.69e-09
6.96e+10 2.91e-09 1.81e-09 1.32e-09 1.70e-09
8.38e+10 1.81e-09 1.14e-09 8.89e-10 1.08e-09
