M phi_tot phi_unobs phi_low phi_up
1.02e+02 0.00e+00 0.00e+00 nan nan
1.24e+02 0.00e+00 0.00e+00 nan nan
1.52e+02 0.00e+00 0.00e+00 nan nan
1.86e+02 0.00e+00 0.00e+00 nan nan
2.27e+02 1.43e-17 2.28e-18 -3.33e-16 3.36e-16
2.78e+02 7.62e-13 1.22e-13 -3.08e-11 3.11e-11
3.40e+02 2.00e-10 3.20e-11 -3.89e-09 3.99e-09
4.16e+02 5.89e-09 9.42e-10 -5.27e-08 5.56e-08
5.10e+02 8.37e-08 1.34e-08 -7.41e-07 7.82e-07
6.23e+02 9.32e-07 1.49e-07 -4.70e-06 5.15e-06
7.63e+02 6.94e-06 1.11e-06 -1.53e-05 1.85e-05
9.33e+02 3.38e-05 5.41e-06 -2.95e-05 4.44e-05
1.14e+03 1.15e-04 1.84e-05 -3.70e-05 8.53e-05
1.40e+03 2.91e-04 4.66e-05 -2.80e-05 1.45e-04
1.71e+03 5.90e-04 9.45e-05 2.62e-06 2.24e-04
2.09e+03 1.01e-03 1.61e-04 5.43e-05 3.18e-04
2.56e+03 1.52e-03 2.43e-04 1.21e-04 4.23e-04
3.13e+03 2.09e-03 3.35e-04 1.97e-04 5.34e-04
3.83e+03 2.73e-03 4.36e-04 2.86e-04 6.51e-04
4.69e+03 3.42e-03 5.46e-04 3.90e-04 7.70e-04
5.73e+03 4.14e-03 6.63e-04 5.10e-04 8.84e-04
7.02e+03 4.87e-03 7.80e-04 6.39e-04 9.82e-04
8.58e+03 5.54e-03 8.87e-04 7.68e-04 1.05e-03
1.05e+04 6.09e-03 9.74e-04 8.83e-04 1.09e-03
1.28e+04 6.45e-03 1.03e-03 9.66e-04 1.10e-03
1.57e+04 6.61e-03 1.06e-03 9.85e-04 1.08e-03
1.92e+04 6.58e-03 1.05e-03 9.68e-04 1.08e-03
2.35e+04 6.39e-03 1.02e-03 9.28e-04 1.08e-03
2.88e+04 6.12e-03 9.79e-04 8.66e-04 1.05e-03
3.52e+04 5.78e-03 9.25e-04 7.99e-04 1.01e-03
4.31e+04 5.41e-03 8.65e-04 7.31e-04 9.56e-04
5.27e+04 5.01e-03 8.01e-04 6.61e-04 8.97e-04
6.45e+04 4.58e-03 7.33e-04 5.91e-04 8.33e-04
7.90e+04 4.14e-03 6.62e-04 5.20e-04 7.63e-04
9.66e+04 3.68e-03 5.89e-04 4.52e-04 6.89e-04
1.18e+05 3.24e-03 5.18e-04 3.87e-04 6.14e-04
1.45e+05 2.80e-03 4.49e-04 3.27e-04 5.39e-04
1.77e+05 2.40e-03 3.84e-04 2.74e-04 4.67e-04
2.16e+05 2.03e-03 3.24e-04 2.27e-04 3.99e-04
2.65e+05 1.70e-03 2.71e-04 1.86e-04 3.36e-04
3.24e+05 1.40e-03 2.25e-04 1.52e-04 2.80e-04
3.96e+05 1.15e-03 1.84e-04 1.23e-04 2.31e-04
4.85e+05 9.40e-04 1.50e-04 1.00e-04 1.90e-04
5.94e+05 7.63e-04 1.22e-04 8.17e-05 1.54e-04
7.26e+05 6.17e-04 9.88e-05 6.65e-05 1.25e-04
8.89e+05 4.98e-04 7.98e-05 5.41e-05 1.01e-04
1.09e+06 4.02e-04 6.44e-05 4.40e-05 8.11e-05
1.33e+06 3.23e-04 5.18e-05 3.56e-05 6.51e-05
1.63e+06 2.59e-04 4.16e-05 2.87e-05 5.22e-05
1.99e+06 2.07e-04 3.33e-05 2.30e-05 4.17e-05
2.44e+06 1.64e-04 2.66e-05 1.83e-05 3.32e-05
2.98e+06 1.30e-04 2.11e-05 1.45e-05 2.63e-05
3.65e+06 1.02e-04 1.67e-05 1.14e-05 2.08e-05
4.46e+06 7.95e-05 1.31e-05 8.93e-06 1.64e-05
5.46e+06 6.17e-05 1.03e-05 6.98e-06 1.28e-05
6.68e+06 4.76e-05 8.06e-06 5.46e-06 1.00e-05
8.17e+06 3.65e-05 6.28e-06 4.26e-06 7.78e-06
1.00e+07 2.79e-05 4.88e-06 3.34e-06 6.04e-06
1.22e+07 2.12e-05 3.78e-06 2.63e-06 4.69e-06
1.50e+07 1.60e-05 2.92e-06 2.06e-06 3.62e-06
1.83e+07 1.20e-05 2.25e-06 1.62e-06 2.78e-06
2.24e+07 9.00e-06 1.74e-06 1.27e-06 2.13e-06
2.74e+07 6.71e-06 1.33e-06 9.94e-07 1.63e-06
3.36e+07 4.98e-06 1.03e-06 7.70e-07 1.23e-06
4.10e+07 3.69e-06 7.87e-07 6.04e-07 9.39e-07
5.02e+07 2.72e-06 6.04e-07 4.71e-07 7.11e-07
6.14e+07 2.00e-06 4.63e-07 3.71e-07 5.42e-07
7.52e+07 1.47e-06 3.54e-07 2.93e-07 4.13e-07
9.20e+07 1.07e-06 2.71e-07 2.29e-07 3.14e-07
1.12e+08 7.83e-07 2.07e-07 1.78e-07 2.38e-07
1.38e+08 5.70e-07 1.58e-07 1.37e-07 1.81e-07
1.68e+08 4.14e-07 1.21e-07 1.06e-07 1.38e-07
2.06e+08 3.00e-07 9.22e-08 8.14e-08 1.06e-07
2.52e+08 2.17e-07 7.00e-08 6.18e-08 8.22e-08
3.09e+08 1.57e-07 5.30e-08 4.63e-08 6.36e-08
3.78e+08 1.13e-07 3.98e-08 3.33e-08 4.82e-08
4.62e+08 8.12e-08 2.98e-08 2.47e-08 3.76e-08
5.65e+08 5.83e-08 2.23e-08 1.77e-08 2.89e-08
6.92e+08 4.18e-08 1.65e-08 1.28e-08 2.24e-08
8.46e+08 3.00e-08 1.23e-08 8.98e-09 1.72e-08
1.04e+09 2.14e-08 9.06e-09 6.15e-09 1.31e-08
1.27e+09 1.53e-08 6.67e-09 4.29e-09 1.01e-08
1.55e+09 1.09e-08 4.90e-09 2.96e-09 7.81e-09
1.90e+09 7.79e-09 3.59e-09 1.99e-09 6.01e-09
2.32e+09 5.55e-09 2.62e-09 1.31e-09 4.63e-09
2.84e+09 3.95e-09 1.91e-09 8.24e-10 3.56e-09
3.47e+09 2.81e-09 1.39e-09 4.92e-10 2.73e-09
4.25e+09 1.99e-09 1.01e-09 2.69e-10 2.10e-09
5.20e+09 1.41e-09 7.33e-10 1.21e-10 1.62e-09
6.36e+09 1.00e-09 5.31e-10 2.70e-11 1.25e-09
7.78e+09 7.09e-10 3.84e-10 -3.13e-11 9.60e-10
9.52e+09 5.02e-10 2.77e-10 -6.38e-11 7.43e-10
1.16e+10 3.55e-10 2.00e-10 -8.03e-11 5.76e-10
1.42e+10 2.51e-10 1.44e-10 -8.68e-11 4.48e-10
1.74e+10 1.77e-10 1.03e-10 -8.68e-11 3.49e-10
2.13e+10 1.25e-10 7.43e-11 -8.26e-11 2.72e-10
2.61e+10 8.82e-11 5.33e-11 -7.63e-11 2.13e-10
3.19e+10 6.22e-11 3.82e-11 -6.90e-11 1.67e-10
3.91e+10 4.38e-11 2.74e-11 -6.11e-11 1.32e-10
4.78e+10 3.09e-11 1.96e-11 -5.34e-11 1.04e-10
5.85e+10 2.17e-11 1.40e-11 -4.62e-11 8.26e-11
7.16e+10 1.53e-11 1.00e-11 -3.97e-11 6.58e-11
8.76e+10 1.08e-11 7.14e-12 -3.39e-11 5.25e-11
1.07e+11 7.55e-12 5.09e-12 -2.88e-11 4.21e-11
1.31e+11 5.31e-12 3.63e-12 -2.43e-11 3.38e-11
1.60e+11 3.73e-12 2.58e-12 -2.05e-11 2.73e-11
1.96e+11 2.62e-12 1.84e-12 -1.72e-11 2.20e-11
2.40e+11 1.84e-12 1.30e-12 -1.44e-11 1.78e-11
2.94e+11 1.29e-12 9.26e-13 -1.20e-11 1.45e-11
3.60e+11 9.02e-13 6.57e-13 -1.00e-11 1.17e-11
4.40e+11 6.32e-13 4.65e-13 -8.32e-12 9.55e-12
5.38e+11 4.43e-13 3.30e-13 -6.91e-12 7.79e-12
6.58e+11 3.10e-13 2.33e-13 -5.73e-12 6.35e-12
8.06e+11 2.17e-13 1.65e-13 -4.74e-12 5.19e-12
9.86e+11 1.52e-13 1.16e-13 -3.92e-12 4.24e-12
