M phi_tot phi_unobs phi_low phi_up
1.02e+02 0.00e+00 0.00e+00 nan nan
1.24e+02 0.00e+00 0.00e+00 nan nan
1.52e+02 0.00e+00 0.00e+00 nan nan
1.86e+02 0.00e+00 0.00e+00 nan nan
2.27e+02 1.29e-14 2.06e-15 -3.43e-14 3.64e-14
2.78e+02 1.45e-10 2.32e-11 -1.24e-09 1.29e-09
3.40e+02 1.05e-08 1.68e-09 -3.88e-08 4.28e-08
4.16e+02 1.59e-07 2.54e-08 -6.68e-07 7.28e-07
5.10e+02 1.96e-06 3.13e-07 -6.40e-06 7.15e-06
6.23e+02 1.62e-05 2.60e-06 -2.61e-05 3.23e-05
7.63e+02 8.16e-05 1.31e-05 -5.35e-05 8.39e-05
9.33e+02 2.69e-04 4.30e-05 -5.98e-05 1.57e-04
1.14e+03 6.35e-04 1.02e-04 -2.28e-05 2.49e-04
1.40e+03 1.17e-03 1.88e-04 5.58e-05 3.55e-04
1.71e+03 1.81e-03 2.90e-04 1.52e-04 4.68e-04
2.09e+03 2.48e-03 3.97e-04 2.49e-04 5.88e-04
2.56e+03 3.17e-03 5.08e-04 3.46e-04 7.16e-04
3.13e+03 3.91e-03 6.26e-04 4.55e-04 8.46e-04
3.83e+03 4.70e-03 7.53e-04 5.88e-04 9.71e-04
4.69e+03 5.51e-03 8.81e-04 7.41e-04 1.08e-03
5.73e+03 6.24e-03 9.98e-04 8.95e-04 1.15e-03
7.02e+03 6.79e-03 1.09e-03 1.01e-03 1.18e-03
8.58e+03 7.08e-03 1.13e-03 1.05e-03 1.18e-03
1.05e+04 7.09e-03 1.13e-03 1.03e-03 1.19e-03
1.28e+04 6.86e-03 1.10e-03 9.78e-04 1.18e-03
1.57e+04 6.47e-03 1.03e-03 9.13e-04 1.13e-03
1.92e+04 6.02e-03 9.64e-04 8.37e-04 1.06e-03
2.35e+04 5.58e-03 8.93e-04 7.65e-04 9.91e-04
2.88e+04 5.15e-03 8.24e-04 6.94e-04 9.24e-04
3.52e+04 4.71e-03 7.54e-04 6.22e-04 8.56e-04
4.31e+04 4.26e-03 6.81e-04 5.48e-04 7.83e-04
5.27e+04 3.79e-03 6.06e-04 4.73e-04 7.05e-04
6.45e+04 3.31e-03 5.29e-04 4.01e-04 6.24e-04
7.90e+04 2.84e-03 4.55e-04 3.35e-04 5.42e-04
9.66e+04 2.40e-03 3.85e-04 2.76e-04 4.63e-04
1.18e+05 2.00e-03 3.21e-04 2.25e-04 3.90e-04
1.45e+05 1.65e-03 2.64e-04 1.82e-04 3.24e-04
1.77e+05 1.35e-03 2.15e-04 1.45e-04 2.65e-04
2.16e+05 1.09e-03 1.74e-04 1.16e-04 2.15e-04
2.65e+05 8.69e-04 1.39e-04 9.29e-05 1.73e-04
3.24e+05 6.92e-04 1.11e-04 7.45e-05 1.37e-04
3.96e+05 5.51e-04 8.81e-05 6.03e-05 1.09e-04
4.85e+05 4.40e-04 7.03e-05 4.93e-05 8.69e-05
5.94e+05 3.52e-04 5.63e-05 4.02e-05 6.94e-05
7.26e+05 2.82e-04 4.51e-05 3.26e-05 5.54e-05
8.89e+05 2.25e-04 3.61e-05 2.62e-05 4.43e-05
1.09e+06 1.79e-04 2.87e-05 2.08e-05 3.52e-05
1.33e+06 1.42e-04 2.27e-05 1.64e-05 2.78e-05
1.63e+06 1.11e-04 1.79e-05 1.28e-05 2.19e-05
1.99e+06 8.63e-05 1.39e-05 9.91e-06 1.71e-05
2.44e+06 6.66e-05 1.08e-05 7.65e-06 1.33e-05
2.98e+06 5.09e-05 8.29e-06 5.89e-06 1.02e-05
3.65e+06 3.87e-05 6.34e-06 4.53e-06 7.85e-06
4.46e+06 2.92e-05 4.82e-06 3.49e-06 5.98e-06
5.46e+06 2.19e-05 3.65e-06 2.68e-06 4.53e-06
6.68e+06 1.63e-05 2.76e-06 2.06e-06 3.42e-06
8.17e+06 1.21e-05 2.07e-06 1.58e-06 2.57e-06
1.00e+07 8.90e-06 1.56e-06 1.21e-06 1.92e-06
1.22e+07 6.54e-06 1.17e-06 9.37e-07 1.43e-06
1.50e+07 4.78e-06 8.74e-07 7.13e-07 1.06e-06
1.83e+07 3.48e-06 6.53e-07 5.54e-07 7.90e-07
2.24e+07 2.53e-06 4.88e-07 4.24e-07 5.83e-07
2.74e+07 1.83e-06 3.65e-07 3.26e-07 4.33e-07
3.36e+07 1.32e-06 2.72e-07 2.48e-07 3.19e-07
4.10e+07 9.52e-07 2.03e-07 1.89e-07 2.38e-07
5.02e+07 6.84e-07 1.52e-07 1.41e-07 1.77e-07
6.14e+07 4.90e-07 1.13e-07 1.07e-07 1.35e-07
7.52e+07 3.51e-07 8.47e-08 7.87e-08 1.03e-07
9.20e+07 2.51e-07 6.33e-08 5.71e-08 7.87e-08
1.12e+08 1.79e-07 4.73e-08 4.09e-08 6.04e-08
1.38e+08 1.27e-07 3.53e-08 3.03e-08 4.79e-08
1.68e+08 9.04e-08 2.64e-08 2.15e-08 3.72e-08
2.06e+08 6.42e-08 1.97e-08 1.54e-08 2.93e-08
2.52e+08 4.55e-08 1.47e-08 1.08e-08 2.29e-08
3.09e+08 3.22e-08 1.09e-08 7.39e-09 1.79e-08
3.78e+08 2.28e-08 8.04e-09 4.98e-09 1.40e-08
4.62e+08 1.61e-08 5.92e-09 3.22e-09 1.08e-08
5.65e+08 1.14e-08 4.34e-09 1.93e-09 8.35e-09
6.92e+08 8.01e-09 3.17e-09 1.08e-09 6.45e-09
8.46e+08 5.64e-09 2.31e-09 5.31e-10 5.00e-09
1.04e+09 3.97e-09 1.68e-09 1.96e-10 3.90e-09
1.27e+09 2.79e-09 1.22e-09 -1.87e-11 3.04e-09
1.55e+09 1.96e-09 8.80e-10 -1.53e-10 2.37e-09
1.90e+09 1.38e-09 6.36e-10 -2.27e-10 1.84e-09
2.32e+09 9.69e-10 4.58e-10 -2.60e-10 1.44e-09
2.84e+09 6.79e-10 3.29e-10 -2.67e-10 1.12e-09
3.47e+09 4.76e-10 2.36e-10 -2.58e-10 8.78e-10
4.25e+09 3.34e-10 1.70e-10 -2.40e-10 6.89e-10
5.20e+09 2.34e-10 1.21e-10 -2.17e-10 5.42e-10
6.36e+09 1.64e-10 8.67e-11 -1.92e-10 4.28e-10
7.78e+09 1.15e-10 6.20e-11 -1.68e-10 3.38e-10
9.52e+09 8.01e-11 4.42e-11 -1.46e-10 2.68e-10
1.16e+10 5.60e-11 3.15e-11 -1.25e-10 2.13e-10
1.42e+10 3.92e-11 2.24e-11 -1.06e-10 1.70e-10
1.74e+10 2.73e-11 1.60e-11 -9.01e-11 1.36e-10
2.13e+10 1.91e-11 1.13e-11 -7.59e-11 1.09e-10
2.61e+10 1.33e-11 8.05e-12 -6.38e-11 8.73e-11
3.19e+10 9.30e-12 5.71e-12 -5.34e-11 7.03e-11
3.91e+10 6.49e-12 4.05e-12 -4.46e-11 5.68e-11
4.78e+10 4.52e-12 2.87e-12 -3.72e-11 4.59e-11
5.85e+10 3.15e-12 2.03e-12 -3.10e-11 3.72e-11
7.16e+10 2.20e-12 1.44e-12 -2.58e-11 3.02e-11
8.76e+10 1.53e-12 1.02e-12 -2.14e-11 2.46e-11
1.07e+11 1.07e-12 7.19e-13 -1.78e-11 2.00e-11
1.31e+11 7.43e-13 5.08e-13 -1.48e-11 1.63e-11
1.60e+11 5.17e-13 3.58e-13 -1.22e-11 1.33e-11
1.96e+11 3.60e-13 2.53e-13 -1.01e-11 1.09e-11
2.40e+11 2.50e-13 1.78e-13 -8.39e-12 8.93e-12
2.94e+11 1.74e-13 1.25e-13 -6.94e-12 7.32e-12
3.60e+11 1.21e-13 8.82e-14 -5.73e-12 6.00e-12
4.40e+11 8.43e-14 6.20e-14 -4.74e-12 4.93e-12
5.38e+11 5.86e-14 4.36e-14 -3.92e-12 4.05e-12
6.58e+11 4.07e-14 3.06e-14 -3.23e-12 3.33e-12
8.06e+11 2.83e-14 2.14e-14 -2.67e-12 2.74e-12
9.86e+11 1.97e-14 1.50e-14 -2.20e-12 2.25e-12
