M phi_tot phi_unobs phi_low phi_up
1.02e+02 0.00e+00 0.00e+00 nan nan
1.24e+02 0.00e+00 0.00e+00 nan nan
1.52e+02 0.00e+00 0.00e+00 nan nan
1.86e+02 0.00e+00 0.00e+00 nan nan
2.27e+02 5.58e-11 8.93e-12 -6.31e-11 8.96e-11
2.78e+02 5.01e-08 8.01e-09 -3.22e-08 5.97e-08
3.40e+02 7.41e-07 1.19e-07 -2.23e-07 5.89e-07
4.16e+02 9.81e-06 1.57e-06 -3.96e-06 9.04e-06
5.10e+02 8.26e-05 1.32e-05 -1.47e-05 5.56e-05
6.23e+02 3.73e-04 5.97e-05 -6.61e-06 1.77e-04
7.63e+02 1.03e-03 1.64e-04 7.30e-05 3.52e-04
9.33e+02 1.95e-03 3.11e-04 2.22e-04 5.20e-04
1.14e+03 2.87e-03 4.59e-04 3.84e-04 6.40e-04
1.40e+03 3.63e-03 5.81e-04 5.13e-04 7.28e-04
1.71e+03 4.30e-03 6.88e-04 6.13e-04 8.37e-04
2.09e+03 5.06e-03 8.09e-04 7.18e-04 9.89e-04
2.56e+03 5.97e-03 9.56e-04 8.62e-04 1.16e-03
3.13e+03 6.91e-03 1.11e-03 1.03e-03 1.28e-03
3.83e+03 7.64e-03 1.22e-03 1.18e-03 1.34e-03
4.69e+03 7.99e-03 1.28e-03 1.23e-03 1.31e-03
5.73e+03 7.89e-03 1.26e-03 1.17e-03 1.31e-03
7.02e+03 7.39e-03 1.18e-03 1.02e-03 1.25e-03
8.58e+03 6.64e-03 1.06e-03 8.70e-04 1.14e-03
1.05e+04 5.86e-03 9.38e-04 7.64e-04 1.01e-03
1.28e+04 5.24e-03 8.38e-04 7.10e-04 8.92e-04
1.57e+04 4.80e-03 7.68e-04 6.74e-04 8.12e-04
1.92e+04 4.43e-03 7.09e-04 6.21e-04 7.54e-04
2.35e+04 4.01e-03 6.42e-04 5.46e-04 6.90e-04
2.88e+04 3.52e-03 5.64e-04 4.61e-04 6.13e-04
3.52e+04 3.01e-03 4.81e-04 3.78e-04 5.29e-04
4.31e+04 2.50e-03 4.00e-04 3.04e-04 4.44e-04
5.27e+04 2.04e-03 3.26e-04 2.41e-04 3.64e-04
6.45e+04 1.63e-03 2.61e-04 1.89e-04 2.93e-04
7.90e+04 1.29e-03 2.06e-04 1.49e-04 2.33e-04
9.66e+04 1.01e-03 1.62e-04 1.18e-04 1.84e-04
1.18e+05 7.89e-04 1.26e-04 9.21e-05 1.44e-04
1.45e+05 6.10e-04 9.76e-05 7.20e-05 1.12e-04
1.77e+05 4.69e-04 7.50e-05 5.65e-05 8.59e-05
2.16e+05 3.62e-04 5.78e-05 4.50e-05 6.54e-05
2.65e+05 2.84e-04 4.55e-05 3.74e-05 5.04e-05
3.24e+05 2.31e-04 3.69e-05 3.16e-05 4.07e-05
3.96e+05 1.89e-04 3.02e-05 2.59e-05 3.34e-05
4.85e+05 1.53e-04 2.45e-05 2.06e-05 2.72e-05
5.94e+05 1.22e-04 1.94e-05 1.59e-05 2.16e-05
7.26e+05 9.46e-05 1.51e-05 1.20e-05 1.69e-05
8.89e+05 7.22e-05 1.16e-05 9.03e-06 1.30e-05
1.09e+06 5.43e-05 8.71e-06 6.72e-06 9.84e-06
1.33e+06 4.03e-05 6.47e-06 4.99e-06 7.34e-06
1.63e+06 2.96e-05 4.76e-06 3.70e-06 5.41e-06
1.99e+06 2.16e-05 3.48e-06 2.75e-06 3.95e-06
2.44e+06 1.56e-05 2.52e-06 2.03e-06 2.86e-06
2.98e+06 1.12e-05 1.82e-06 1.51e-06 2.06e-06
3.65e+06 7.99e-06 1.31e-06 1.11e-06 1.46e-06
4.46e+06 5.69e-06 9.40e-07 8.26e-07 1.05e-06
5.46e+06 4.03e-06 6.74e-07 6.02e-07 7.39e-07
6.68e+06 2.85e-06 4.82e-07 4.44e-07 5.30e-07
8.17e+06 2.01e-06 3.45e-07 3.20e-07 3.81e-07
1.00e+07 1.41e-06 2.47e-07 2.31e-07 2.79e-07
1.22e+07 9.90e-07 1.77e-07 1.67e-07 2.10e-07
1.50e+07 6.94e-07 1.27e-07 1.19e-07 1.58e-07
1.83e+07 4.85e-07 9.10e-08 8.32e-08 1.18e-07
2.24e+07 3.39e-07 6.54e-08 5.78e-08 8.89e-08
2.74e+07 2.36e-07 4.70e-08 4.03e-08 6.75e-08
3.36e+07 1.65e-07 3.39e-08 2.81e-08 5.15e-08
4.10e+07 1.14e-07 2.45e-08 1.96e-08 3.95e-08
5.02e+07 7.97e-08 1.77e-08 1.33e-08 3.02e-08
6.14e+07 5.54e-08 1.28e-08 8.86e-09 2.31e-08
7.52e+07 3.84e-08 9.28e-09 5.78e-09 1.77e-08
9.20e+07 2.67e-08 6.73e-09 3.74e-09 1.36e-08
1.12e+08 1.85e-08 4.90e-09 2.39e-09 1.06e-08
1.38e+08 1.28e-08 3.56e-09 1.42e-09 8.27e-09
1.68e+08 8.89e-09 2.60e-09 7.37e-10 6.42e-09
2.06e+08 6.16e-09 1.89e-09 2.97e-10 5.02e-09
2.52e+08 4.26e-09 1.38e-09 2.42e-11 3.93e-09
3.09e+08 2.95e-09 9.98e-10 -1.43e-10 3.07e-09
3.78e+08 2.04e-09 7.21e-10 -2.37e-10 2.40e-09
4.62e+08 1.41e-09 5.19e-10 -2.86e-10 1.87e-09
5.65e+08 9.77e-10 3.73e-10 -2.99e-10 1.46e-09
6.92e+08 6.75e-10 2.67e-10 -2.91e-10 1.14e-09
8.46e+08 4.67e-10 1.91e-10 -2.72e-10 8.95e-10
1.04e+09 3.23e-10 1.36e-10 -2.47e-10 7.01e-10
1.27e+09 2.23e-10 9.71e-11 -2.19e-10 5.50e-10
1.55e+09 1.54e-10 6.90e-11 -1.92e-10 4.32e-10
1.90e+09 1.06e-10 4.90e-11 -1.65e-10 3.40e-10
2.32e+09 7.34e-11 3.47e-11 -1.41e-10 2.68e-10
2.84e+09 5.07e-11 2.46e-11 -1.19e-10 2.12e-10
3.47e+09 3.50e-11 1.74e-11 -1.01e-10 1.68e-10
4.25e+09 2.42e-11 1.23e-11 -8.43e-11 1.33e-10
5.20e+09 1.67e-11 8.65e-12 -7.03e-11 1.05e-10
6.36e+09 1.15e-11 6.10e-12 -5.85e-11 8.35e-11
7.78e+09 7.94e-12 4.29e-12 -4.84e-11 6.64e-11
9.52e+09 5.48e-12 3.02e-12 -4.00e-11 5.30e-11
1.16e+10 3.78e-12 2.13e-12 -3.30e-11 4.23e-11
1.42e+10 2.61e-12 1.49e-12 -2.72e-11 3.38e-11
1.74e+10 1.80e-12 1.05e-12 -2.23e-11 2.71e-11
2.13e+10 1.24e-12 7.37e-13 -1.83e-11 2.17e-11
2.61e+10 8.56e-13 5.17e-13 -1.50e-11 1.74e-11
3.19e+10 5.90e-13 3.63e-13 -1.22e-11 1.40e-11
3.91e+10 4.07e-13 2.54e-13 -1.00e-11 1.13e-11
4.78e+10 2.81e-13 1.78e-13 -8.17e-12 9.07e-12
5.85e+10 1.94e-13 1.25e-13 -6.67e-12 7.32e-12
7.16e+10 1.34e-13 8.73e-14 -5.44e-12 5.90e-12
8.76e+10 9.20e-14 6.11e-14 -4.43e-12 4.76e-12
1.07e+11 6.34e-14 4.28e-14 -3.61e-12 3.85e-12
1.31e+11 4.37e-14 2.99e-14 -2.94e-12 3.11e-12
1.60e+11 3.02e-14 2.09e-14 -2.39e-12 2.51e-12
1.96e+11 2.08e-14 1.46e-14 -1.95e-12 2.03e-12
2.40e+11 1.43e-14 1.02e-14 -1.58e-12 1.64e-12
2.94e+11 9.86e-15 7.10e-15 -1.29e-12 1.33e-12
3.60e+11 6.80e-15 4.95e-15 -1.05e-12 1.08e-12
4.40e+11 4.68e-15 3.45e-15 -8.49e-13 8.70e-13
5.38e+11 3.23e-15 2.40e-15 -6.89e-13 7.04e-13
6.58e+11 2.22e-15 1.67e-15 -5.59e-13 5.70e-13
8.06e+11 1.53e-15 1.16e-15 -4.53e-13 4.61e-13
9.86e+11 1.05e-15 8.05e-16 -3.67e-13 3.73e-13
