LF_x LF_y1 LF_y med spread x_data y_data y_data_err_m y_data_err_p
-31.9206 1.600e-04 2.000e-04 7.118e-04 1.037e-03 -2.900e+01 7.900e-03 7.900e-03 7.900e-03
-31.7618 2.088e-04 2.610e-04 8.998e-04 1.271e-03 -2.750e+01 2.420e-01 6.100e-02 6.100e-02
-31.6029 2.721e-04 3.401e-04 1.133e-03 1.550e-03 -2.675e+01 5.800e-01 1.700e-01 1.700e-01
-31.4441 3.539e-04 4.423e-04 1.420e-03 1.883e-03 -2.625e+01 9.000e-01 3.200e-01 3.200e-01
-31.2853 4.596e-04 5.745e-04 1.776e-03 2.277e-03 -2.575e+01 1.330e+00 6.000e-01 6.000e-01
-31.1265 5.961e-04 7.451e-04 2.216e-03 2.744e-03 -2.525e+01 4.600e+00 1.200e+00 1.200e+00
-30.9676 7.722e-04 9.652e-04 2.758e-03 3.297e-03 -2.475e+01 7.000e+00 1.700e+00 1.700e+00
-30.8088 9.942e-04 1.249e-03 3.410e-03 3.930e-03 -2.425e+01 6.600e+00 2.000e+00 2.000e+00
-30.6500 1.273e-03 1.615e-03 4.191e-03 4.651e-03 -2.375e+01 8.300e+00 2.600e+00 2.600e+00
-30.4912 1.628e-03 2.086e-03 5.145e-03 5.491e-03 -2.325e+01 1.090e+01 3.600e+00 3.600e+00
-30.3324 2.081e-03 2.691e-03 6.308e-03 6.468e-03 -2.275e+01 2.300e+01 8.100e+00 8.100e+00
-30.1735 2.657e-03 3.470e-03 7.727e-03 7.603e-03 -2.200e+01 1.620e+01 1.620e+01 1.620e+01
-30.0147 3.389e-03 4.471e-03 9.457e-03 8.919e-03 0.000e+00 1.000e+00 1.000e+00 1.000e+00
-29.8559 4.319e-03 5.755e-03 1.157e-02 1.044e-02 0.000e+00 1.000e+00 1.000e+00 1.000e+00
-29.6971 5.499e-03 7.402e-03 1.414e-02 1.220e-02 0.000e+00 1.000e+00 1.000e+00 1.000e+00
-29.5382 6.996e-03 9.512e-03 1.727e-02 1.423e-02 0.000e+00 1.000e+00 1.000e+00 1.000e+00
-29.3794 8.893e-03 1.221e-02 2.108e-02 1.657e-02 0.000e+00 1.000e+00 1.000e+00 1.000e+00
-29.2206 1.129e-02 1.567e-02 2.572e-02 1.926e-02 0.000e+00 1.000e+00 1.000e+00 1.000e+00
-29.0618 1.433e-02 2.009e-02 3.136e-02 2.234e-02 0.000e+00 1.000e+00 1.000e+00 1.000e+00
-28.9029 1.816e-02 2.574e-02 3.823e-02 2.586e-02 0.000e+00 1.000e+00 1.000e+00 1.000e+00
-28.7441 2.300e-02 3.294e-02 4.657e-02 2.986e-02 0.000e+00 1.000e+00 1.000e+00 1.000e+00
-28.5853 2.910e-02 4.212e-02 5.670e-02 3.436e-02 0.000e+00 1.000e+00 1.000e+00 1.000e+00
-28.4265 3.679e-02 5.380e-02 6.899e-02 3.945e-02 0.000e+00 1.000e+00 1.000e+00 1.000e+00
-28.2676 4.645e-02 6.867e-02 8.391e-02 4.518e-02 0.000e+00 1.000e+00 1.000e+00 1.000e+00
-28.1088 5.859e-02 8.757e-02 1.020e-01 5.162e-02 0.000e+00 1.000e+00 1.000e+00 1.000e+00
-27.9500 7.383e-02 1.116e-01 1.240e-01 5.881e-02 0.000e+00 1.000e+00 1.000e+00 1.000e+00
-27.7912 9.293e-02 1.420e-01 1.505e-01 6.679e-02 0.000e+00 1.000e+00 1.000e+00 1.000e+00
-27.6324 1.168e-01 1.805e-01 1.827e-01 7.560e-02 0.000e+00 1.000e+00 1.000e+00 1.000e+00
-27.4735 1.467e-01 2.293e-01 2.217e-01 8.526e-02 0.000e+00 1.000e+00 1.000e+00 1.000e+00
-27.3147 1.841e-01 2.910e-01 2.688e-01 9.576e-02 0.000e+00 1.000e+00 1.000e+00 1.000e+00
-27.1559 2.306e-01 3.688e-01 3.258e-01 1.070e-01 0.000e+00 1.000e+00 1.000e+00 1.000e+00
-26.9971 2.886e-01 4.670e-01 3.946e-01 1.190e-01 0.000e+00 1.000e+00 1.000e+00 1.000e+00
-26.8382 3.606e-01 5.906e-01 4.775e-01 1.316e-01 0.000e+00 1.000e+00 1.000e+00 1.000e+00
-26.6794 4.501e-01 7.461e-01 5.776e-01 1.446e-01 0.000e+00 1.000e+00 1.000e+00 1.000e+00
-26.5206 5.610e-01 9.414e-01 6.981e-01 1.576e-01 0.000e+00 1.000e+00 1.000e+00 1.000e+00
-26.3618 6.983e-01 1.186e+00 8.431e-01 1.704e-01 0.000e+00 1.000e+00 1.000e+00 1.000e+00
-26.2029 8.679e-01 1.493e+00 1.017e+00 1.825e-01 0.000e+00 1.000e+00 1.000e+00 1.000e+00
-26.0441 1.077e+00 1.877e+00 1.227e+00 1.933e-01 0.000e+00 1.000e+00 1.000e+00 1.000e+00
-25.8853 1.335e+00 2.356e+00 1.478e+00 2.025e-01 0.000e+00 1.000e+00 1.000e+00 1.000e+00
-25.7265 1.651e+00 2.954e+00 1.780e+00 2.097e-01 0.000e+00 1.000e+00 1.000e+00 1.000e+00
-25.5676 2.040e+00 3.699e+00 2.150e+00 2.153e-01 0.000e+00 1.000e+00 1.000e+00 1.000e+00
-25.4088 2.515e+00 4.625e+00 2.625e+00 2.212e-01 0.000e+00 1.000e+00 1.000e+00 1.000e+00
-25.2500 3.096e+00 5.774e+00 3.202e+00 2.317e-01 0.000e+00 1.000e+00 1.000e+00 1.000e+00
-25.0912 3.804e+00 7.197e+00 3.899e+00 2.556e-01 0.000e+00 1.000e+00 1.000e+00 1.000e+00
-24.9324 4.665e+00 8.959e+00 4.703e+00 3.049e-01 0.000e+00 1.000e+00 1.000e+00 1.000e+00
-24.7735 5.710e+00 1.113e+01 5.617e+00 3.918e-01 0.000e+00 1.000e+00 1.000e+00 1.000e+00
-24.6147 6.975e+00 1.382e+01 6.703e+00 5.256e-01 0.000e+00 1.000e+00 1.000e+00 1.000e+00
-24.4559 8.503e+00 1.711e+01 7.929e+00 7.149e-01 0.000e+00 1.000e+00 1.000e+00 1.000e+00
-24.2971 1.034e+01 2.117e+01 9.369e+00 9.693e-01 0.000e+00 1.000e+00 1.000e+00 1.000e+00
-24.1382 1.256e+01 2.613e+01 1.106e+01 1.301e+00 0.000e+00 1.000e+00 1.000e+00 1.000e+00
-23.9794 1.521e+01 3.221e+01 1.304e+01 1.724e+00 0.000e+00 1.000e+00 1.000e+00 1.000e+00
-23.8206 1.837e+01 3.963e+01 1.535e+01 2.258e+00 0.000e+00 1.000e+00 1.000e+00 1.000e+00
-23.6618 2.214e+01 4.867e+01 1.805e+01 2.922e+00 0.000e+00 1.000e+00 1.000e+00 1.000e+00
-23.5029 2.662e+01 5.967e+01 2.120e+01 3.742e+00 0.000e+00 1.000e+00 1.000e+00 1.000e+00
-23.3441 3.192e+01 7.302e+01 2.499e+01 4.746e+00 0.000e+00 1.000e+00 1.000e+00 1.000e+00
-23.1853 3.817e+01 8.918e+01 2.943e+01 5.967e+00 0.000e+00 1.000e+00 1.000e+00 1.000e+00
-23.0265 4.552e+01 1.087e+02 3.460e+01 7.442e+00 0.000e+00 1.000e+00 1.000e+00 1.000e+00
-22.8676 5.412e+01 1.323e+02 4.060e+01 9.211e+00 0.000e+00 1.000e+00 1.000e+00 1.000e+00
-22.7088 6.416e+01 1.606e+02 4.753e+01 1.132e+01 0.000e+00 1.000e+00 1.000e+00 1.000e+00
-22.5500 7.584e+01 1.946e+02 5.551e+01 1.382e+01 0.000e+00 1.000e+00 1.000e+00 1.000e+00
-22.3912 8.935e+01 2.354e+02 6.468e+01 1.676e+01 0.000e+00 1.000e+00 1.000e+00 1.000e+00
-22.2324 1.049e+02 2.841e+02 7.516e+01 2.021e+01 0.000e+00 1.000e+00 1.000e+00 1.000e+00
-22.0735 1.228e+02 3.422e+02 8.712e+01 2.422e+01 0.000e+00 1.000e+00 1.000e+00 1.000e+00
-21.9147 1.432e+02 4.114e+02 1.007e+02 2.887e+01 0.000e+00 1.000e+00 1.000e+00 1.000e+00
-21.7559 1.664e+02 4.935e+02 1.160e+02 3.421e+01 0.000e+00 1.000e+00 1.000e+00 1.000e+00
-21.5971 1.927e+02 5.908e+02 1.333e+02 4.031e+01 0.000e+00 1.000e+00 1.000e+00 1.000e+00
-21.4382 2.222e+02 7.059e+02 1.526e+02 4.723e+01 0.000e+00 1.000e+00 1.000e+00 1.000e+00
-21.2794 2.552e+02 8.417e+02 1.741e+02 5.505e+01 0.000e+00 1.000e+00 1.000e+00 1.000e+00
-21.1206 2.919e+02 1.002e+03 1.979e+02 6.380e+01 0.000e+00 1.000e+00 1.000e+00 1.000e+00
-20.9618 3.324e+02 1.189e+03 2.241e+02 7.352e+01 0.000e+00 1.000e+00 1.000e+00 1.000e+00
-20.8029 3.768e+02 1.409e+03 2.527e+02 8.424e+01 0.000e+00 1.000e+00 1.000e+00 1.000e+00
-20.6441 4.251e+02 1.667e+03 2.837e+02 9.595e+01 0.000e+00 1.000e+00 1.000e+00 1.000e+00
-20.4853 4.770e+02 1.967e+03 3.170e+02 1.086e+02 0.000e+00 1.000e+00 1.000e+00 1.000e+00
-20.3265 5.323e+02 2.317e+03 3.523e+02 1.222e+02 0.000e+00 1.000e+00 1.000e+00 1.000e+00
-20.1676 5.905e+02 2.723e+03 3.894e+02 1.365e+02 0.000e+00 1.000e+00 1.000e+00 1.000e+00
-20.0088 6.508e+02 3.194e+03 4.279e+02 1.514e+02 0.000e+00 1.000e+00 1.000e+00 1.000e+00
-19.8500 7.122e+02 3.738e+03 4.669e+02 1.666e+02 0.000e+00 1.000e+00 1.000e+00 1.000e+00
-19.6912 7.733e+02 4.365e+03 5.058e+02 1.818e+02 0.000e+00 1.000e+00 1.000e+00 1.000e+00
-19.5324 8.322e+02 5.086e+03 5.433e+02 1.965e+02 0.000e+00 1.000e+00 1.000e+00 1.000e+00
-19.3735 9.460e+02 5.912e+03 6.166e+02 2.242e+02 0.000e+00 1.000e+00 1.000e+00 1.000e+00
-19.2147 1.097e+03 6.857e+03 7.145e+02 2.608e+02 0.000e+00 1.000e+00 1.000e+00 1.000e+00
-19.0559 1.269e+03 7.933e+03 8.263e+02 3.024e+02 0.000e+00 1.000e+00 1.000e+00 1.000e+00
-18.8971 1.465e+03 9.154e+03 9.538e+02 3.495e+02 0.000e+00 1.000e+00 1.000e+00 1.000e+00
-18.7382 1.686e+03 1.054e+04 1.099e+03 4.026e+02 0.000e+00 1.000e+00 1.000e+00 1.000e+00
-18.5794 1.935e+03 1.209e+04 1.263e+03 4.621e+02 0.000e+00 1.000e+00 1.000e+00 1.000e+00
-18.4206 2.215e+03 1.384e+04 1.449e+03 5.286e+02 0.000e+00 1.000e+00 1.000e+00 1.000e+00
-18.2618 2.528e+03 1.580e+04 1.659e+03 6.024e+02 0.000e+00 1.000e+00 1.000e+00 1.000e+00
-18.1029 2.876e+03 1.798e+04 1.895e+03 6.838e+02 0.000e+00 1.000e+00 1.000e+00 1.000e+00
-17.9441 3.263e+03 2.039e+04 2.160e+03 7.731e+02 0.000e+00 1.000e+00 1.000e+00 1.000e+00
-17.7853 3.689e+03 2.306e+04 2.457e+03 8.705e+02 0.000e+00 1.000e+00 1.000e+00 1.000e+00
-17.6265 4.158e+03 2.599e+04 2.787e+03 9.760e+02 0.000e+00 1.000e+00 1.000e+00 1.000e+00
-17.4676 4.671e+03 2.920e+04 3.153e+03 1.090e+03 0.000e+00 1.000e+00 1.000e+00 1.000e+00
-17.3088 5.230e+03 3.269e+04 3.558e+03 1.211e+03 0.000e+00 1.000e+00 1.000e+00 1.000e+00
-17.1500 5.836e+03 3.647e+04 4.005e+03 1.339e+03 0.000e+00 1.000e+00 1.000e+00 1.000e+00
-16.9912 6.489e+03 4.055e+04 4.495e+03 1.475e+03 0.000e+00 1.000e+00 1.000e+00 1.000e+00
-16.8324 7.189e+03 4.493e+04 5.030e+03 1.616e+03 0.000e+00 1.000e+00 1.000e+00 1.000e+00
-16.6735 7.937e+03 4.961e+04 5.613e+03 1.762e+03 0.000e+00 1.000e+00 1.000e+00 1.000e+00
-16.5147 8.731e+03 5.457e+04 6.244e+03 1.912e+03 0.000e+00 1.000e+00 1.000e+00 1.000e+00
-16.3559 9.569e+03 5.981e+04 6.924e+03 2.064e+03 0.000e+00 1.000e+00 1.000e+00 1.000e+00
-16.1971 1.045e+04 6.531e+04 7.653e+03 2.216e+03 0.000e+00 1.000e+00 1.000e+00 1.000e+00
-16.0382 1.137e+04 7.106e+04 8.432e+03 2.368e+03 0.000e+00 1.000e+00 1.000e+00 1.000e+00
-15.8794 1.232e+04 7.702e+04 9.258e+03 2.515e+03 0.000e+00 1.000e+00 1.000e+00 1.000e+00
-15.7206 1.331e+04 8.317e+04 1.013e+04 2.657e+03 0.000e+00 1.000e+00 1.000e+00 1.000e+00
-15.5618 1.432e+04 8.947e+04 1.105e+04 2.791e+03 0.000e+00 1.000e+00 1.000e+00 1.000e+00
-15.4029 1.534e+04 9.588e+04 1.201e+04 2.915e+03 0.000e+00 1.000e+00 1.000e+00 1.000e+00
-15.2441 1.638e+04 1.024e+05 1.300e+04 3.025e+03 0.000e+00 1.000e+00 1.000e+00 1.000e+00
-15.0853 1.742e+04 1.089e+05 1.402e+04 3.119e+03 0.000e+00 1.000e+00 1.000e+00 1.000e+00
-14.9265 1.845e+04 1.153e+05 1.507e+04 3.194e+03 0.000e+00 1.000e+00 1.000e+00 1.000e+00
-14.7676 1.947e+04 1.217e+05 1.614e+04 3.249e+03 0.000e+00 1.000e+00 1.000e+00 1.000e+00
-14.6088 2.047e+04 1.279e+05 1.722e+04 3.279e+03 0.000e+00 1.000e+00 1.000e+00 1.000e+00
-14.4500 2.143e+04 1.340e+05 1.829e+04 3.284e+03 0.000e+00 1.000e+00 1.000e+00 1.000e+00
-14.2912 2.236e+04 1.397e+05 1.936e+04 3.261e+03 0.000e+00 1.000e+00 1.000e+00 1.000e+00
-14.1324 2.323e+04 1.452e+05 2.041e+04 3.208e+03 0.000e+00 1.000e+00 1.000e+00 1.000e+00
-13.9735 2.404e+04 1.503e+05 2.143e+04 3.125e+03 0.000e+00 1.000e+00 1.000e+00 1.000e+00
-13.8147 2.479e+04 1.549e+05 2.241e+04 3.011e+03 0.000e+00 1.000e+00 1.000e+00 1.000e+00
-13.6559 2.545e+04 1.591e+05 2.334e+04 2.865e+03 0.000e+00 1.000e+00 1.000e+00 1.000e+00
-13.4971 2.603e+04 1.627e+05 2.421e+04 2.689e+03 0.000e+00 1.000e+00 1.000e+00 1.000e+00
-13.3382 2.652e+04 1.658e+05 2.500e+04 2.482e+03 0.000e+00 1.000e+00 1.000e+00 1.000e+00
-13.1794 2.691e+04 1.682e+05 2.570e+04 2.248e+03 0.000e+00 1.000e+00 1.000e+00 1.000e+00
-13.0206 2.720e+04 1.700e+05 2.632e+04 1.988e+03 0.000e+00 1.000e+00 1.000e+00 1.000e+00
-12.8618 2.737e+04 1.711e+05 2.677e+04 1.706e+03 0.000e+00 1.000e+00 1.000e+00 1.000e+00
-12.7029 2.744e+04 1.715e+05 2.710e+04 1.408e+03 0.000e+00 1.000e+00 1.000e+00 1.000e+00
-12.5441 2.738e+04 1.711e+05 2.733e+04 1.103e+03 0.000e+00 1.000e+00 1.000e+00 1.000e+00
-12.3853 2.721e+04 1.700e+05 2.743e+04 8.124e+02 0.000e+00 1.000e+00 1.000e+00 1.000e+00
-12.2265 2.691e+04 1.682e+05 2.721e+04 5.934e+02 0.000e+00 1.000e+00 1.000e+00 1.000e+00
-12.0676 2.650e+04 1.656e+05 2.705e+04 5.667e+02 0.000e+00 1.000e+00 1.000e+00 1.000e+00
-11.9088 2.596e+04 1.623e+05 2.706e+04 7.651e+02 0.000e+00 1.000e+00 1.000e+00 1.000e+00
-11.7500 2.531e+04 1.582e+05 2.695e+04 1.072e+03 0.000e+00 1.000e+00 1.000e+00 1.000e+00
-11.5912 2.455e+04 1.534e+05 2.659e+04 1.415e+03 0.000e+00 1.000e+00 1.000e+00 1.000e+00
-11.4324 2.368e+04 1.480e+05 2.601e+04 1.768e+03 0.000e+00 1.000e+00 1.000e+00 1.000e+00
-11.2735 2.271e+04 1.419e+05 2.531e+04 2.118e+03 0.000e+00 1.000e+00 1.000e+00 1.000e+00
-11.1147 2.165e+04 1.353e+05 2.450e+04 2.456e+03 0.000e+00 1.000e+00 1.000e+00 1.000e+00
-10.9559 2.050e+04 1.281e+05 2.359e+04 2.777e+03 0.000e+00 1.000e+00 1.000e+00 1.000e+00
-10.7971 1.928e+04 1.205e+05 2.259e+04 3.075e+03 0.000e+00 1.000e+00 1.000e+00 1.000e+00
-10.6382 1.800e+04 1.125e+05 2.151e+04 3.347e+03 0.000e+00 1.000e+00 1.000e+00 1.000e+00
-10.4794 1.667e+04 1.042e+05 2.035e+04 3.589e+03 0.000e+00 1.000e+00 1.000e+00 1.000e+00
-10.3206 1.531e+04 9.568e+04 1.914e+04 3.797e+03 0.000e+00 1.000e+00 1.000e+00 1.000e+00
-10.1618 1.393e+04 8.704e+04 1.788e+04 3.968e+03 0.000e+00 1.000e+00 1.000e+00 1.000e+00
-10.0029 1.254e+04 7.838e+04 1.658e+04 4.099e+03 0.000e+00 1.000e+00 1.000e+00 1.000e+00
-9.8441 1.117e+04 6.980e+04 1.525e+04 4.186e+03 0.000e+00 1.000e+00 1.000e+00 1.000e+00
-9.6853 9.835e+03 6.147e+04 1.391e+04 4.227e+03 0.000e+00 1.000e+00 1.000e+00 1.000e+00
-9.5265 8.554e+03 5.346e+04 1.258e+04 4.216e+03 0.000e+00 1.000e+00 1.000e+00 1.000e+00
-9.3676 7.343e+03 4.590e+04 1.126e+04 4.152e+03 0.000e+00 1.000e+00 1.000e+00 1.000e+00
-9.2088 6.217e+03 3.886e+04 9.968e+03 4.034e+03 0.000e+00 1.000e+00 1.000e+00 1.000e+00
-9.0500 5.186e+03 3.241e+04 8.724e+03 3.860e+03 0.000e+00 1.000e+00 1.000e+00 1.000e+00
-8.8912 4.258e+03 2.661e+04 7.541e+03 3.636e+03 0.000e+00 1.000e+00 1.000e+00 1.000e+00
-8.7324 3.437e+03 2.148e+04 6.432e+03 3.370e+03 0.000e+00 1.000e+00 1.000e+00 1.000e+00
-8.5735 2.723e+03 1.702e+04 5.409e+03 3.070e+03 0.000e+00 1.000e+00 1.000e+00 1.000e+00
-8.4147 2.113e+03 1.321e+04 4.481e+03 2.749e+03 0.000e+00 1.000e+00 1.000e+00 1.000e+00
-8.2559 1.602e+03 1.001e+04 3.653e+03 2.420e+03 0.000e+00 1.000e+00 1.000e+00 1.000e+00
-8.0971 1.182e+03 7.390e+03 2.927e+03 2.094e+03 0.000e+00 1.000e+00 1.000e+00 1.000e+00
-7.9382 8.461e+02 5.288e+03 2.301e+03 1.780e+03 0.000e+00 1.000e+00 1.000e+00 1.000e+00
-7.7794 5.835e+02 3.647e+03 1.769e+03 1.484e+03 0.000e+00 1.000e+00 1.000e+00 1.000e+00
-7.6206 3.862e+02 2.414e+03 1.328e+03 1.214e+03 0.000e+00 1.000e+00 1.000e+00 1.000e+00
-7.4618 2.434e+02 1.521e+03 9.681e+02 9.702e+02 0.000e+00 1.000e+00 1.000e+00 1.000e+00
-7.3029 1.448e+02 9.047e+02 6.814e+02 7.538e+02 0.000e+00 1.000e+00 1.000e+00 1.000e+00
-7.1441 8.050e+01 5.031e+02 4.594e+02 5.651e+02 0.000e+00 1.000e+00 1.000e+00 1.000e+00
-6.9853 4.140e+01 2.587e+02 2.937e+02 4.046e+02 0.000e+00 1.000e+00 1.000e+00 1.000e+00
-6.8265 1.944e+01 1.215e+02 1.760e+02 2.731e+02 0.000e+00 1.000e+00 1.000e+00 1.000e+00
-6.6676 8.212e+00 5.133e+01 9.737e+01 1.709e+02 0.000e+00 1.000e+00 1.000e+00 1.000e+00
-6.5088 3.073e+00 1.921e+01 4.883e+01 9.725e+01 0.000e+00 1.000e+00 1.000e+00 1.000e+00
-6.3500 1.001e+00 6.257e+00 2.172e+01 4.906e+01 0.000e+00 1.000e+00 1.000e+00 1.000e+00
-6.1912 2.790e-01 1.744e+00 8.337e+00 2.130e+01 0.000e+00 1.000e+00 1.000e+00 1.000e+00
-6.0324 6.563e-02 4.102e-01 2.678e+00 7.680e+00 0.000e+00 1.000e+00 1.000e+00 1.000e+00
-5.8735 1.299e-02 8.116e-02 6.962e-01 2.210e+00 0.000e+00 1.000e+00 1.000e+00 1.000e+00
-5.7147 2.184e-03 1.365e-02 1.419e-01 4.892e-01 0.000e+00 1.000e+00 1.000e+00 1.000e+00
-5.5559 3.175e-04 1.985e-03 2.298e-02 8.391e-02 0.000e+00 1.000e+00 1.000e+00 1.000e+00
-5.3971 3.694e-05 2.309e-04 3.173e-03 1.234e-02 0.000e+00 1.000e+00 1.000e+00 1.000e+00
-5.2382 2.823e-06 1.764e-05 3.638e-04 1.646e-03 0.000e+00 1.000e+00 1.000e+00 1.000e+00
-5.0794 1.060e-07 6.626e-07 2.023e-05 1.148e-04 0.000e+00 1.000e+00 1.000e+00 1.000e+00
