LF_x LF_y1 LF_y med spread x_data y_data y_data_err_m y_data_err_p
-31.9206 6.897e-07 8.621e-07 3.485e-06 1.087e-05 -2.888e+01 1.950e-01 1.380e-01 1.380e-01
-31.7618 2.176e-06 2.721e-06 9.106e-06 2.036e-05 -2.862e+01 2.924e-01 1.690e-01 1.690e-01
-31.6029 6.144e-06 7.680e-06 2.205e-05 3.646e-05 -2.838e+01 1.950e-01 1.380e-01 1.380e-01
-31.4441 1.578e-05 1.973e-05 4.997e-05 6.271e-05 -2.812e+01 8.770e-01 2.920e-01 2.920e-01
-31.2853 3.745e-05 4.681e-05 1.068e-04 1.040e-04 -2.788e+01 1.656e+00 4.020e-01 4.020e-01
-31.1265 8.311e-05 1.039e-04 2.169e-04 1.670e-04 -2.762e+01 2.924e+00 5.340e-01 5.340e-01
-30.9676 1.745e-04 2.181e-04 4.212e-04 2.606e-04 -2.738e+01 6.427e+00 7.910e-01 7.910e-01
-30.8088 3.479e-04 4.370e-04 7.826e-04 3.945e-04 -2.712e+01 1.081e+01 1.026e+00 1.026e+00
-30.6500 6.642e-04 8.425e-04 1.399e-03 5.813e-04 -2.688e+01 1.403e+01 1.169e+00 1.169e+00
-30.4912 1.227e-03 1.572e-03 2.428e-03 8.398e-04 -2.662e+01 2.280e+01 1.490e+00 1.490e+00
-30.3324 2.206e-03 2.854e-03 4.105e-03 1.192e-03 -2.638e+01 2.805e+01 1.657e+00 1.657e+00
-30.1735 3.873e-03 5.059e-03 6.785e-03 1.665e-03 -2.612e+01 4.102e+01 2.545e+00 2.545e+00
-30.0147 6.657e-03 8.782e-03 1.099e-02 2.290e-03 -2.588e+01 8.375e+01 2.958e+01 2.958e+01
-29.8559 1.123e-02 1.496e-02 1.748e-02 3.104e-03 -2.562e+01 6.471e+01 1.729e+01 1.729e+01
-29.6971 1.861e-02 2.505e-02 2.737e-02 4.141e-03 -2.538e+01 1.262e+02 2.303e+01 2.303e+01
-29.5382 3.035e-02 4.126e-02 4.224e-02 5.433e-03 -2.512e+01 1.754e+02 2.709e+01 2.709e+01
-29.3794 4.871e-02 6.690e-02 6.432e-02 7.001e-03 -2.488e+01 1.799e+02 2.742e+01 2.742e+01
-29.2206 7.700e-02 1.068e-01 9.676e-02 8.857e-03 -2.462e+01 2.649e+02 3.338e+01 3.338e+01
-29.0618 1.199e-01 1.681e-01 1.439e-01 1.102e-02 -2.438e+01 3.258e+02 3.738e+01 3.738e+01
-28.9029 1.840e-01 2.607e-01 2.117e-01 1.359e-02 -2.412e+01 3.214e+02 3.734e+01 3.734e+01
-28.7441 2.784e-01 3.986e-01 3.084e-01 1.685e-02 -2.388e+01 3.936e+02 4.278e+01 4.278e+01
-28.5853 4.152e-01 6.008e-01 4.449e-01 2.143e-02 -2.362e+01 4.560e+02 4.796e+01 4.796e+01
-28.4265 6.108e-01 8.933e-01 6.358e-01 2.844e-02 -2.338e+01 4.276e+02 4.737e+01 4.737e+01
-28.2676 8.862e-01 1.310e+00 9.105e-01 3.935e-02 -2.312e+01 5.047e+02 5.154e+01 5.154e+01
-28.1088 1.269e+00 1.897e+00 1.290e+00 5.561e-02 -2.288e+01 4.150e+02 4.685e+01 4.685e+01
-27.9500 1.793e+00 2.710e+00 1.808e+00 7.851e-02 -2.262e+01 5.035e+02 5.221e+01 5.221e+01
-27.7912 2.503e+00 3.825e+00 2.506e+00 1.089e-01 -2.238e+01 6.039e+02 5.937e+01 5.937e+01
-27.6324 3.451e+00 5.332e+00 3.437e+00 1.473e-01 -2.212e+01 8.166e+02 7.189e+01 7.189e+01
-27.4735 4.701e+00 7.347e+00 4.663e+00 1.930e-01 -2.188e+01 5.585e+02 8.073e+01 8.073e+01
-27.3147 6.330e+00 1.001e+01 6.264e+00 2.447e-01 0.000e+00 1.000e+00 1.000e+00 1.000e+00
-27.1559 8.431e+00 1.348e+01 8.330e+00 2.991e-01 0.000e+00 1.000e+00 1.000e+00 1.000e+00
-26.9971 1.111e+01 1.798e+01 1.097e+01 3.518e-01 0.000e+00 1.000e+00 1.000e+00 1.000e+00
-26.8382 1.449e+01 2.372e+01 1.431e+01 3.966e-01 0.000e+00 1.000e+00 1.000e+00 1.000e+00
-26.6794 1.870e+01 3.100e+01 1.847e+01 4.277e-01 0.000e+00 1.000e+00 1.000e+00 1.000e+00
-26.5206 2.392e+01 4.013e+01 2.358e+01 4.430e-01 0.000e+00 1.000e+00 1.000e+00 1.000e+00
-26.3618 3.031e+01 5.149e+01 2.984e+01 4.575e-01 0.000e+00 1.000e+00 1.000e+00 1.000e+00
-26.2029 3.807e+01 6.550e+01 3.747e+01 5.260e-01 0.000e+00 1.000e+00 1.000e+00 1.000e+00
-26.0441 4.742e+01 8.263e+01 4.690e+01 7.370e-01 0.000e+00 1.000e+00 1.000e+00 1.000e+00
-25.8853 5.858e+01 1.034e+02 5.824e+01 1.150e+00 0.000e+00 1.000e+00 1.000e+00 1.000e+00
-25.7265 7.181e+01 1.285e+02 7.177e+01 1.793e+00 0.000e+00 1.000e+00 1.000e+00 1.000e+00
-25.5676 8.737e+01 1.585e+02 8.779e+01 2.699e+00 0.000e+00 1.000e+00 1.000e+00 1.000e+00
-25.4088 1.056e+02 1.941e+02 1.066e+02 3.911e+00 0.000e+00 1.000e+00 1.000e+00 1.000e+00
-25.2500 1.266e+02 2.362e+02 1.286e+02 5.480e+00 0.000e+00 1.000e+00 1.000e+00 1.000e+00
-25.0912 1.510e+02 2.856e+02 1.541e+02 7.462e+00 0.000e+00 1.000e+00 1.000e+00 1.000e+00
-24.9324 1.788e+02 3.434e+02 1.834e+02 9.917e+00 0.000e+00 1.000e+00 1.000e+00 1.000e+00
-24.7735 2.105e+02 4.104e+02 2.170e+02 1.291e+01 0.000e+00 1.000e+00 1.000e+00 1.000e+00
-24.6147 2.463e+02 4.878e+02 2.552e+02 1.650e+01 0.000e+00 1.000e+00 1.000e+00 1.000e+00
-24.4559 2.866e+02 5.768e+02 2.984e+02 2.076e+01 0.000e+00 1.000e+00 1.000e+00 1.000e+00
-24.2971 3.317e+02 6.787e+02 3.470e+02 2.574e+01 0.000e+00 1.000e+00 1.000e+00 1.000e+00
-24.1382 3.818e+02 7.946e+02 4.013e+02 3.153e+01 0.000e+00 1.000e+00 1.000e+00 1.000e+00
-23.9794 4.371e+02 9.260e+02 4.617e+02 3.818e+01 0.000e+00 1.000e+00 1.000e+00 1.000e+00
-23.8206 4.979e+02 1.074e+03 5.284e+02 4.577e+01 0.000e+00 1.000e+00 1.000e+00 1.000e+00
-23.6618 5.644e+02 1.241e+03 6.018e+02 5.438e+01 0.000e+00 1.000e+00 1.000e+00 1.000e+00
-23.5029 6.366e+02 1.427e+03 6.820e+02 6.413e+01 0.000e+00 1.000e+00 1.000e+00 1.000e+00
-23.3441 7.146e+02 1.635e+03 7.692e+02 7.514e+01 0.000e+00 1.000e+00 1.000e+00 1.000e+00
-23.1853 7.984e+02 1.865e+03 8.634e+02 8.756e+01 0.000e+00 1.000e+00 1.000e+00 1.000e+00
-23.0265 8.878e+02 2.120e+03 9.648e+02 1.016e+02 0.000e+00 1.000e+00 1.000e+00 1.000e+00
-22.8676 9.828e+02 2.402e+03 1.073e+03 1.173e+02 0.000e+00 1.000e+00 1.000e+00 1.000e+00
-22.7088 1.083e+03 2.711e+03 1.188e+03 1.351e+02 0.000e+00 1.000e+00 1.000e+00 1.000e+00
-22.5500 1.188e+03 3.049e+03 1.310e+03 1.551e+02 0.000e+00 1.000e+00 1.000e+00 1.000e+00
-22.3912 1.298e+03 3.419e+03 1.438e+03 1.775e+02 0.000e+00 1.000e+00 1.000e+00 1.000e+00
-22.2324 1.412e+03 3.823e+03 1.571e+03 2.024e+02 0.000e+00 1.000e+00 1.000e+00 1.000e+00
-22.0735 1.529e+03 4.261e+03 1.709e+03 2.301e+02 0.000e+00 1.000e+00 1.000e+00 1.000e+00
-21.9147 1.649e+03 4.738e+03 1.852e+03 2.605e+02 0.000e+00 1.000e+00 1.000e+00 1.000e+00
-21.7559 1.772e+03 5.254e+03 1.997e+03 2.936e+02 0.000e+00 1.000e+00 1.000e+00 1.000e+00
-21.5971 1.896e+03 5.813e+03 2.146e+03 3.294e+02 0.000e+00 1.000e+00 1.000e+00 1.000e+00
-21.4382 2.020e+03 6.418e+03 2.295e+03 3.677e+02 0.000e+00 1.000e+00 1.000e+00 1.000e+00
-21.2794 2.145e+03 7.072e+03 2.445e+03 4.082e+02 0.000e+00 1.000e+00 1.000e+00 1.000e+00
-21.1206 2.267e+03 7.778e+03 2.593e+03 4.506e+02 0.000e+00 1.000e+00 1.000e+00 1.000e+00
-20.9618 2.387e+03 8.541e+03 2.738e+03 4.942e+02 0.000e+00 1.000e+00 1.000e+00 1.000e+00
-20.8029 2.504e+03 9.364e+03 2.879e+03 5.386e+02 0.000e+00 1.000e+00 1.000e+00 1.000e+00
-20.6441 2.615e+03 1.025e+04 3.013e+03 5.829e+02 0.000e+00 1.000e+00 1.000e+00 1.000e+00
-20.4853 2.719e+03 1.121e+04 3.139e+03 6.263e+02 0.000e+00 1.000e+00 1.000e+00 1.000e+00
-20.3265 2.814e+03 1.225e+04 3.254e+03 6.679e+02 0.000e+00 1.000e+00 1.000e+00 1.000e+00
-20.1676 2.898e+03 1.337e+04 3.355e+03 7.067e+02 0.000e+00 1.000e+00 1.000e+00 1.000e+00
-20.0088 2.970e+03 1.457e+04 3.441e+03 7.412e+02 0.000e+00 1.000e+00 1.000e+00 1.000e+00
-19.8500 3.026e+03 1.588e+04 3.506e+03 7.702e+02 0.000e+00 1.000e+00 1.000e+00 1.000e+00
-19.6912 3.063e+03 1.729e+04 3.549e+03 7.928e+02 0.000e+00 1.000e+00 1.000e+00 1.000e+00
-19.5324 3.078e+03 1.881e+04 3.565e+03 8.075e+02 0.000e+00 1.000e+00 1.000e+00 1.000e+00
-19.3735 3.272e+03 2.045e+04 3.788e+03 8.674e+02 0.000e+00 1.000e+00 1.000e+00 1.000e+00
-19.2147 3.555e+03 2.222e+04 4.111e+03 9.493e+02 0.000e+00 1.000e+00 1.000e+00 1.000e+00
-19.0559 3.861e+03 2.413e+04 4.458e+03 1.035e+03 0.000e+00 1.000e+00 1.000e+00 1.000e+00
-18.8971 4.191e+03 2.619e+04 4.830e+03 1.124e+03 0.000e+00 1.000e+00 1.000e+00 1.000e+00
-18.7382 4.546e+03 2.841e+04 5.229e+03 1.217e+03 0.000e+00 1.000e+00 1.000e+00 1.000e+00
-18.5794 4.928e+03 3.080e+04 5.654e+03 1.312e+03 0.000e+00 1.000e+00 1.000e+00 1.000e+00
-18.4206 5.339e+03 3.337e+04 6.109e+03 1.410e+03 0.000e+00 1.000e+00 1.000e+00 1.000e+00
-18.2618 5.779e+03 3.612e+04 6.593e+03 1.509e+03 0.000e+00 1.000e+00 1.000e+00 1.000e+00
-18.1029 6.251e+03 3.907e+04 7.108e+03 1.609e+03 0.000e+00 1.000e+00 1.000e+00 1.000e+00
-17.9441 6.756e+03 4.223e+04 7.654e+03 1.708e+03 0.000e+00 1.000e+00 1.000e+00 1.000e+00
-17.7853 7.295e+03 4.559e+04 8.233e+03 1.807e+03 0.000e+00 1.000e+00 1.000e+00 1.000e+00
-17.6265 7.868e+03 4.918e+04 8.844e+03 1.903e+03 0.000e+00 1.000e+00 1.000e+00 1.000e+00
-17.4676 8.477e+03 5.298e+04 9.487e+03 1.996e+03 0.000e+00 1.000e+00 1.000e+00 1.000e+00
-17.3088 9.122e+03 5.701e+04 1.016e+04 2.084e+03 0.000e+00 1.000e+00 1.000e+00 1.000e+00
-17.1500 9.802e+03 6.126e+04 1.087e+04 2.166e+03 0.000e+00 1.000e+00 1.000e+00 1.000e+00
-16.9912 1.052e+04 6.574e+04 1.161e+04 2.239e+03 0.000e+00 1.000e+00 1.000e+00 1.000e+00
-16.8324 1.127e+04 7.043e+04 1.237e+04 2.303e+03 0.000e+00 1.000e+00 1.000e+00 1.000e+00
-16.6735 1.205e+04 7.532e+04 1.317e+04 2.355e+03 0.000e+00 1.000e+00 1.000e+00 1.000e+00
-16.5147 1.287e+04 8.041e+04 1.398e+04 2.393e+03 0.000e+00 1.000e+00 1.000e+00 1.000e+00
-16.3559 1.371e+04 8.567e+04 1.482e+04 2.417e+03 0.000e+00 1.000e+00 1.000e+00 1.000e+00
-16.1971 1.458e+04 9.110e+04 1.567e+04 2.423e+03 0.000e+00 1.000e+00 1.000e+00 1.000e+00
-16.0382 1.546e+04 9.665e+04 1.653e+04 2.411e+03 0.000e+00 1.000e+00 1.000e+00 1.000e+00
-15.8794 1.637e+04 1.023e+05 1.740e+04 2.378e+03 0.000e+00 1.000e+00 1.000e+00 1.000e+00
-15.7206 1.728e+04 1.080e+05 1.827e+04 2.323e+03 0.000e+00 1.000e+00 1.000e+00 1.000e+00
-15.5618 1.820e+04 1.138e+05 1.914e+04 2.244e+03 0.000e+00 1.000e+00 1.000e+00 1.000e+00
-15.4029 1.912e+04 1.195e+05 1.999e+04 2.142e+03 0.000e+00 1.000e+00 1.000e+00 1.000e+00
-15.2441 2.003e+04 1.252e+05 2.081e+04 2.014e+03 0.000e+00 1.000e+00 1.000e+00 1.000e+00
-15.0853 2.091e+04 1.307e+05 2.161e+04 1.861e+03 0.000e+00 1.000e+00 1.000e+00 1.000e+00
-14.9265 2.177e+04 1.361e+05 2.237e+04 1.683e+03 0.000e+00 1.000e+00 1.000e+00 1.000e+00
-14.7676 2.259e+04 1.412e+05 2.308e+04 1.480e+03 0.000e+00 1.000e+00 1.000e+00 1.000e+00
-14.6088 2.336e+04 1.460e+05 2.373e+04 1.254e+03 0.000e+00 1.000e+00 1.000e+00 1.000e+00
-14.4500 2.407e+04 1.505e+05 2.432e+04 1.008e+03 0.000e+00 1.000e+00 1.000e+00 1.000e+00
-14.2912 2.472e+04 1.545e+05 2.483e+04 7.476e+02 0.000e+00 1.000e+00 1.000e+00 1.000e+00
-14.1324 2.528e+04 1.580e+05 2.525e+04 4.857e+02 0.000e+00 1.000e+00 1.000e+00 1.000e+00
-13.9735 2.576e+04 1.610e+05 2.541e+04 2.830e+02 0.000e+00 1.000e+00 1.000e+00 1.000e+00
-13.8147 2.613e+04 1.633e+05 2.554e+04 3.429e+02 0.000e+00 1.000e+00 1.000e+00 1.000e+00
-13.6559 2.640e+04 1.650e+05 2.580e+04 6.044e+02 0.000e+00 1.000e+00 1.000e+00 1.000e+00
-13.4971 2.655e+04 1.659e+05 2.595e+04 9.108e+02 0.000e+00 1.000e+00 1.000e+00 1.000e+00
-13.3382 2.658e+04 1.661e+05 2.584e+04 1.226e+03 0.000e+00 1.000e+00 1.000e+00 1.000e+00
-13.1794 2.648e+04 1.655e+05 2.561e+04 1.539e+03 0.000e+00 1.000e+00 1.000e+00 1.000e+00
-13.0206 2.626e+04 1.641e+05 2.526e+04 1.842e+03 0.000e+00 1.000e+00 1.000e+00 1.000e+00
-12.8618 2.590e+04 1.619e+05 2.479e+04 2.129e+03 0.000e+00 1.000e+00 1.000e+00 1.000e+00
-12.7029 2.541e+04 1.588e+05 2.420e+04 2.395e+03 0.000e+00 1.000e+00 1.000e+00 1.000e+00
-12.5441 2.479e+04 1.550e+05 2.349e+04 2.635e+03 0.000e+00 1.000e+00 1.000e+00 1.000e+00
-12.3853 2.405e+04 1.503e+05 2.267e+04 2.843e+03 0.000e+00 1.000e+00 1.000e+00 1.000e+00
-12.2265 2.319e+04 1.450e+05 2.175e+04 3.018e+03 0.000e+00 1.000e+00 1.000e+00 1.000e+00
-12.0676 2.222e+04 1.389e+05 2.074e+04 3.155e+03 0.000e+00 1.000e+00 1.000e+00 1.000e+00
-11.9088 2.115e+04 1.322e+05 1.964e+04 3.252e+03 0.000e+00 1.000e+00 1.000e+00 1.000e+00
-11.7500 1.999e+04 1.249e+05 1.848e+04 3.308e+03 0.000e+00 1.000e+00 1.000e+00 1.000e+00
-11.5912 1.876e+04 1.172e+05 1.725e+04 3.321e+03 0.000e+00 1.000e+00 1.000e+00 1.000e+00
-11.4324 1.746e+04 1.091e+05 1.598e+04 3.293e+03 0.000e+00 1.000e+00 1.000e+00 1.000e+00
-11.2735 1.612e+04 1.008e+05 1.468e+04 3.224e+03 0.000e+00 1.000e+00 1.000e+00 1.000e+00
-11.1147 1.476e+04 9.224e+04 1.337e+04 3.116e+03 0.000e+00 1.000e+00 1.000e+00 1.000e+00
-10.9559 1.338e+04 8.364e+04 1.206e+04 2.974e+03 0.000e+00 1.000e+00 1.000e+00 1.000e+00
-10.7971 1.202e+04 7.510e+04 1.078e+04 2.801e+03 0.000e+00 1.000e+00 1.000e+00 1.000e+00
-10.6382 1.068e+04 6.673e+04 9.529e+03 2.602e+03 0.000e+00 1.000e+00 1.000e+00 1.000e+00
-10.4794 9.380e+03 5.863e+04 8.330e+03 2.385e+03 0.000e+00 1.000e+00 1.000e+00 1.000e+00
-10.3206 8.144e+03 5.090e+04 7.195e+03 2.154e+03 0.000e+00 1.000e+00 1.000e+00 1.000e+00
-10.1618 6.983e+03 4.365e+04 6.138e+03 1.917e+03 0.000e+00 1.000e+00 1.000e+00 1.000e+00
-10.0029 5.909e+03 3.693e+04 5.168e+03 1.681e+03 0.000e+00 1.000e+00 1.000e+00 1.000e+00
-9.8441 4.931e+03 3.082e+04 4.290e+03 1.450e+03 0.000e+00 1.000e+00 1.000e+00 1.000e+00
-9.6853 4.053e+03 2.533e+04 3.507e+03 1.231e+03 0.000e+00 1.000e+00 1.000e+00 1.000e+00
-9.5265 3.279e+03 2.049e+04 2.822e+03 1.027e+03 0.000e+00 1.000e+00 1.000e+00 1.000e+00
-9.3676 2.607e+03 1.629e+04 2.231e+03 8.411e+02 0.000e+00 1.000e+00 1.000e+00 1.000e+00
-9.2088 2.034e+03 1.271e+04 1.731e+03 6.754e+02 0.000e+00 1.000e+00 1.000e+00 1.000e+00
-9.0500 1.555e+03 9.716e+03 1.315e+03 5.307e+02 0.000e+00 1.000e+00 1.000e+00 1.000e+00
-8.8912 1.161e+03 7.258e+03 9.757e+02 4.073e+02 0.000e+00 1.000e+00 1.000e+00 1.000e+00
-8.7324 8.454e+02 5.284e+03 7.055e+02 3.044e+02 0.000e+00 1.000e+00 1.000e+00 1.000e+00
-8.5735 5.975e+02 3.735e+03 4.951e+02 2.207e+02 0.000e+00 1.000e+00 1.000e+00 1.000e+00
-8.4147 4.084e+02 2.553e+03 3.359e+02 1.545e+02 0.000e+00 1.000e+00 1.000e+00 1.000e+00
-8.2559 2.687e+02 1.679e+03 2.192e+02 1.040e+02 0.000e+00 1.000e+00 1.000e+00 1.000e+00
-8.0971 1.692e+02 1.058e+03 1.369e+02 6.699e+01 0.000e+00 1.000e+00 1.000e+00 1.000e+00
-7.9382 1.014e+02 6.335e+02 8.130e+01 4.097e+01 0.000e+00 1.000e+00 1.000e+00 1.000e+00
-7.7794 5.733e+01 3.583e+02 4.556e+01 2.362e+01 0.000e+00 1.000e+00 1.000e+00 1.000e+00
-7.6206 3.033e+01 1.896e+02 2.388e+01 1.272e+01 0.000e+00 1.000e+00 1.000e+00 1.000e+00
-7.4618 1.488e+01 9.298e+01 1.159e+01 6.340e+00 0.000e+00 1.000e+00 1.000e+00 1.000e+00
-7.3029 6.687e+00 4.179e+01 5.159e+00 2.891e+00 0.000e+00 1.000e+00 1.000e+00 1.000e+00
-7.1441 2.719e+00 1.700e+01 2.076e+00 1.191e+00 0.000e+00 1.000e+00 1.000e+00 1.000e+00
-6.9853 9.895e-01 6.184e+00 7.477e-01 4.379e-01 0.000e+00 1.000e+00 1.000e+00 1.000e+00
-6.8265 3.178e-01 1.986e+00 2.377e-01 1.419e-01 0.000e+00 1.000e+00 1.000e+00 1.000e+00
-6.6676 8.903e-02 5.564e-01 6.590e-02 4.004e-02 0.000e+00 1.000e+00 1.000e+00 1.000e+00
-6.5088 2.138e-02 1.336e-01 1.567e-02 9.667e-03 0.000e+00 1.000e+00 1.000e+00 1.000e+00
-6.3500 4.376e-03 2.735e-02 3.179e-03 1.986e-03 0.000e+00 1.000e+00 1.000e+00 1.000e+00
-6.1912 7.686e-04 4.804e-03 5.541e-04 3.498e-04 0.000e+00 1.000e+00 1.000e+00 1.000e+00
-6.0324 1.163e-04 7.266e-04 8.310e-05 5.306e-05 0.000e+00 1.000e+00 1.000e+00 1.000e+00
-5.8735 1.452e-05 9.073e-05 1.026e-05 6.643e-06 0.000e+00 1.000e+00 1.000e+00 1.000e+00
-5.7147 1.331e-06 8.317e-06 9.255e-07 6.089e-07 0.000e+00 1.000e+00 1.000e+00 1.000e+00
-5.5559 7.427e-08 4.642e-07 5.065e-08 3.383e-08 0.000e+00 1.000e+00 1.000e+00 1.000e+00
-5.3971 1.986e-09 1.241e-08 1.323e-09 8.956e-10 0.000e+00 1.000e+00 1.000e+00 1.000e+00
-5.2382 1.668e-11 1.042e-10 1.083e-11 7.386e-12 0.000e+00 1.000e+00 1.000e+00 1.000e+00
-5.0794 2.706e-14 1.691e-13 1.704e-14 1.164e-14 0.000e+00 1.000e+00 1.000e+00 1.000e+00
