LF_x LF_y1 LF_y med spread x_data y_data y_data_err_m y_data_err_p
-31.9206 6.168e-06 7.710e-06 3.787e-06 1.755e-06 -2.863e+01 1.800e-01 1.300e-01 1.300e-01
-31.7618 1.447e-05 1.809e-05 7.429e-06 4.022e-06 -2.838e+01 1.800e-01 1.300e-01 1.300e-01
-31.6029 3.167e-05 3.959e-05 1.445e-05 8.751e-06 -2.813e+01 9.200e-02 9.200e-02 9.200e-02
-31.4441 6.535e-05 8.168e-05 2.793e-05 1.792e-05 -2.788e+01 5.500e-01 2.300e-01 2.300e-01
-31.2853 1.282e-04 1.603e-04 5.355e-05 3.462e-05 -2.763e+01 8.300e-01 2.800e-01 2.800e-01
-31.1265 2.410e-04 3.012e-04 1.016e-04 6.352e-05 -2.738e+01 2.120e+00 4.400e-01 4.400e-01
-30.9676 4.364e-04 5.455e-04 1.901e-04 1.114e-04 -2.713e+01 2.770e+00 5.100e-01 5.100e-01
-30.8088 7.617e-04 9.569e-04 3.483e-04 1.867e-04 -2.688e+01 4.990e+00 6.800e-01 6.800e-01
-30.6500 1.287e-03 1.632e-03 6.234e-04 3.007e-04 -2.663e+01 6.280e+00 7.600e-01 7.600e-01
-30.4912 2.120e-03 2.715e-03 1.094e-03 4.696e-04 -2.638e+01 7.720e+00 8.700e-01 8.700e-01
-30.3324 3.416e-03 4.419e-03 1.880e-03 7.132e-04 -2.613e+01 6.390e+00 1.710e+00 1.710e+00
-30.1735 5.395e-03 7.048e-03 3.163e-03 1.057e-03 -2.707e+01 1.200e+01 1.580e+01 7.800e+00
-30.0147 8.366e-03 1.104e-02 5.212e-03 1.532e-03 -2.657e+01 6.000e+00 1.390e+01 5.000e+00
-29.8559 1.275e-02 1.699e-02 8.415e-03 2.177e-03 -2.607e+01 1.800e+01 1.750e+01 9.800e+00
-29.6971 1.913e-02 2.575e-02 1.332e-02 3.040e-03 -2.557e+01 2.980e+01 2.010e+01 1.290e+01
-29.5382 2.828e-02 3.845e-02 2.067e-02 4.177e-03 -2.507e+01 7.780e+01 2.810e+01 2.130e+01
-29.3794 4.122e-02 5.662e-02 3.150e-02 5.656e-03 -2.457e+01 5.390e+01 2.460e+01 1.760e+01
-29.2206 5.929e-02 8.227e-02 4.716e-02 7.556e-03 -2.407e+01 1.070e+02 3.200e+01 2.500e+01
-29.0618 8.419e-02 1.181e-01 6.943e-02 9.967e-03 -2.357e+01 1.250e+02 3.400e+01 2.700e+01
-28.9029 1.181e-01 1.674e-01 1.006e-01 1.299e-02 -2.307e+01 2.310e+02 4.400e+01 3.700e+01
-28.7441 1.638e-01 2.346e-01 1.435e-01 1.672e-02 -2.257e+01 6.890e+02 6.900e+01 6.900e+01
-28.5853 2.247e-01 3.252e-01 2.018e-01 2.127e-02 0.000e+00 1.000e+00 1.000e+00 1.000e+00
-28.4265 3.050e-01 4.461e-01 2.799e-01 2.673e-02 0.000e+00 1.000e+00 1.000e+00 1.000e+00
-28.2676 4.098e-01 6.059e-01 3.832e-01 3.316e-02 0.000e+00 1.000e+00 1.000e+00 1.000e+00
-28.1088 5.453e-01 8.151e-01 5.182e-01 4.061e-02 0.000e+00 1.000e+00 1.000e+00 1.000e+00
-27.9500 7.189e-01 1.086e+00 6.905e-01 4.907e-02 0.000e+00 1.000e+00 1.000e+00 1.000e+00
-27.7912 9.393e-01 1.435e+00 9.071e-01 5.849e-02 0.000e+00 1.000e+00 1.000e+00 1.000e+00
-27.6324 1.217e+00 1.880e+00 1.181e+00 6.879e-02 0.000e+00 1.000e+00 1.000e+00 1.000e+00
-27.4735 1.564e+00 2.444e+00 1.523e+00 7.992e-02 0.000e+00 1.000e+00 1.000e+00 1.000e+00
-27.3147 1.994e+00 3.152e+00 1.947e+00 9.188e-02 0.000e+00 1.000e+00 1.000e+00 1.000e+00
-27.1559 2.522e+00 4.034e+00 2.470e+00 1.050e-01 0.000e+00 1.000e+00 1.000e+00 1.000e+00
-26.9971 3.169e+00 5.128e+00 3.110e+00 1.199e-01 0.000e+00 1.000e+00 1.000e+00 1.000e+00
-26.8382 3.954e+00 6.474e+00 3.910e+00 1.382e-01 0.000e+00 1.000e+00 1.000e+00 1.000e+00
-26.6794 4.900e+00 8.122e+00 4.888e+00 1.624e-01 0.000e+00 1.000e+00 1.000e+00 1.000e+00
-26.5206 6.034e+00 1.013e+01 6.069e+00 1.963e-01 0.000e+00 1.000e+00 1.000e+00 1.000e+00
-26.3618 7.387e+00 1.255e+01 7.487e+00 2.442e-01 0.000e+00 1.000e+00 1.000e+00 1.000e+00
-26.2029 8.989e+00 1.547e+01 9.178e+00 3.109e-01 0.000e+00 1.000e+00 1.000e+00 1.000e+00
-26.0441 1.088e+01 1.896e+01 1.118e+01 4.010e-01 0.000e+00 1.000e+00 1.000e+00 1.000e+00
-25.8853 1.309e+01 2.311e+01 1.350e+01 5.188e-01 0.000e+00 1.000e+00 1.000e+00 1.000e+00
-25.7265 1.568e+01 2.805e+01 1.617e+01 6.690e-01 0.000e+00 1.000e+00 1.000e+00 1.000e+00
-25.5676 1.868e+01 3.387e+01 1.926e+01 8.560e-01 0.000e+00 1.000e+00 1.000e+00 1.000e+00
-25.4088 2.215e+01 4.072e+01 2.284e+01 1.084e+00 0.000e+00 1.000e+00 1.000e+00 1.000e+00
-25.2500 2.614e+01 4.875e+01 2.695e+01 1.359e+00 0.000e+00 1.000e+00 1.000e+00 1.000e+00
-25.0912 3.071e+01 5.812e+01 3.167e+01 1.684e+00 0.000e+00 1.000e+00 1.000e+00 1.000e+00
-24.9324 3.593e+01 6.901e+01 3.706e+01 2.065e+00 0.000e+00 1.000e+00 1.000e+00 1.000e+00
-24.7735 4.186e+01 8.163e+01 4.320e+01 2.506e+00 0.000e+00 1.000e+00 1.000e+00 1.000e+00
-24.6147 4.857e+01 9.621e+01 5.016e+01 3.014e+00 0.000e+00 1.000e+00 1.000e+00 1.000e+00
-24.4559 5.614e+01 1.130e+02 5.812e+01 3.596e+00 0.000e+00 1.000e+00 1.000e+00 1.000e+00
-24.2971 6.463e+01 1.323e+02 6.708e+01 4.258e+00 0.000e+00 1.000e+00 1.000e+00 1.000e+00
-24.1382 7.413e+01 1.543e+02 7.711e+01 5.012e+00 0.000e+00 1.000e+00 1.000e+00 1.000e+00
-23.9794 8.472e+01 1.795e+02 8.827e+01 5.869e+00 0.000e+00 1.000e+00 1.000e+00 1.000e+00
-23.8206 9.648e+01 2.081e+02 1.006e+02 6.844e+00 0.000e+00 1.000e+00 1.000e+00 1.000e+00
-23.6618 1.095e+02 2.407e+02 1.141e+02 7.957e+00 0.000e+00 1.000e+00 1.000e+00 1.000e+00
-23.5029 1.238e+02 2.776e+02 1.288e+02 9.231e+00 0.000e+00 1.000e+00 1.000e+00 1.000e+00
-23.3441 1.396e+02 3.193e+02 1.447e+02 1.070e+01 0.000e+00 1.000e+00 1.000e+00 1.000e+00
-23.1853 1.568e+02 3.665e+02 1.616e+02 1.240e+01 0.000e+00 1.000e+00 1.000e+00 1.000e+00
-23.0265 1.757e+02 4.196e+02 1.796e+02 1.440e+01 0.000e+00 1.000e+00 1.000e+00 1.000e+00
-22.8676 1.962e+02 4.794e+02 1.991e+02 1.675e+01 0.000e+00 1.000e+00 1.000e+00 1.000e+00
-22.7088 2.184e+02 5.467e+02 2.203e+02 1.955e+01 0.000e+00 1.000e+00 1.000e+00 1.000e+00
-22.5500 2.425e+02 6.222e+02 2.428e+02 2.288e+01 0.000e+00 1.000e+00 1.000e+00 1.000e+00
-22.3912 2.684e+02 7.070e+02 2.667e+02 2.684e+01 0.000e+00 1.000e+00 1.000e+00 1.000e+00
-22.2324 2.962e+02 8.021e+02 2.918e+02 3.154e+01 0.000e+00 1.000e+00 1.000e+00 1.000e+00
-22.0735 3.261e+02 9.087e+02 3.183e+02 3.705e+01 0.000e+00 1.000e+00 1.000e+00 1.000e+00
-21.9147 3.580e+02 1.028e+03 3.460e+02 4.344e+01 0.000e+00 1.000e+00 1.000e+00 1.000e+00
-21.7559 3.919e+02 1.162e+03 3.749e+02 5.078e+01 0.000e+00 1.000e+00 1.000e+00 1.000e+00
-21.5971 4.279e+02 1.312e+03 4.051e+02 5.910e+01 0.000e+00 1.000e+00 1.000e+00 1.000e+00
-21.4382 4.660e+02 1.480e+03 4.364e+02 6.839e+01 0.000e+00 1.000e+00 1.000e+00 1.000e+00
-21.2794 5.060e+02 1.669e+03 4.688e+02 7.864e+01 0.000e+00 1.000e+00 1.000e+00 1.000e+00
-21.1206 5.479e+02 1.880e+03 5.023e+02 8.980e+01 0.000e+00 1.000e+00 1.000e+00 1.000e+00
-20.9618 5.916e+02 2.116e+03 5.367e+02 1.018e+02 0.000e+00 1.000e+00 1.000e+00 1.000e+00
-20.8029 6.368e+02 2.382e+03 5.720e+02 1.145e+02 0.000e+00 1.000e+00 1.000e+00 1.000e+00
-20.6441 6.833e+02 2.679e+03 6.079e+02 1.278e+02 0.000e+00 1.000e+00 1.000e+00 1.000e+00
-20.4853 7.306e+02 3.013e+03 6.441e+02 1.414e+02 0.000e+00 1.000e+00 1.000e+00 1.000e+00
-20.3265 7.782e+02 3.387e+03 6.803e+02 1.553e+02 0.000e+00 1.000e+00 1.000e+00 1.000e+00
-20.1676 8.256e+02 3.807e+03 7.161e+02 1.691e+02 0.000e+00 1.000e+00 1.000e+00 1.000e+00
-20.0088 8.718e+02 4.278e+03 7.508e+02 1.825e+02 0.000e+00 1.000e+00 1.000e+00 1.000e+00
-19.8500 9.158e+02 4.806e+03 7.837e+02 1.952e+02 0.000e+00 1.000e+00 1.000e+00 1.000e+00
-19.6912 9.563e+02 5.398e+03 8.137e+02 2.069e+02 0.000e+00 1.000e+00 1.000e+00 1.000e+00
-19.5324 9.918e+02 6.061e+03 8.397e+02 2.170e+02 0.000e+00 1.000e+00 1.000e+00 1.000e+00
-19.3735 1.089e+03 6.804e+03 9.178e+02 2.401e+02 0.000e+00 1.000e+00 1.000e+00 1.000e+00
-19.2147 1.222e+03 7.635e+03 1.026e+03 2.709e+02 0.000e+00 1.000e+00 1.000e+00 1.000e+00
-19.0559 1.370e+03 8.565e+03 1.148e+03 3.047e+02 0.000e+00 1.000e+00 1.000e+00 1.000e+00
-18.8971 1.536e+03 9.603e+03 1.284e+03 3.417e+02 0.000e+00 1.000e+00 1.000e+00 1.000e+00
-18.7382 1.722e+03 1.076e+04 1.436e+03 3.822e+02 0.000e+00 1.000e+00 1.000e+00 1.000e+00
-18.5794 1.928e+03 1.205e+04 1.606e+03 4.263e+02 0.000e+00 1.000e+00 1.000e+00 1.000e+00
-18.4206 2.158e+03 1.348e+04 1.797e+03 4.743e+02 0.000e+00 1.000e+00 1.000e+00 1.000e+00
-18.2618 2.412e+03 1.508e+04 2.008e+03 5.263e+02 0.000e+00 1.000e+00 1.000e+00 1.000e+00
-18.1029 2.695e+03 1.684e+04 2.244e+03 5.824e+02 0.000e+00 1.000e+00 1.000e+00 1.000e+00
-17.9441 3.007e+03 1.879e+04 2.506e+03 6.428e+02 0.000e+00 1.000e+00 1.000e+00 1.000e+00
-17.7853 3.351e+03 2.094e+04 2.796e+03 7.076e+02 0.000e+00 1.000e+00 1.000e+00 1.000e+00
-17.6265 3.730e+03 2.331e+04 3.117e+03 7.768e+02 0.000e+00 1.000e+00 1.000e+00 1.000e+00
-17.4676 4.146e+03 2.591e+04 3.471e+03 8.504e+02 0.000e+00 1.000e+00 1.000e+00 1.000e+00
-17.3088 4.601e+03 2.875e+04 3.861e+03 9.282e+02 0.000e+00 1.000e+00 1.000e+00 1.000e+00
-17.1500 5.097e+03 3.186e+04 4.289e+03 1.010e+03 0.000e+00 1.000e+00 1.000e+00 1.000e+00
-16.9912 5.637e+03 3.523e+04 4.756e+03 1.095e+03 0.000e+00 1.000e+00 1.000e+00 1.000e+00
-16.8324 6.222e+03 3.889e+04 5.267e+03 1.184e+03 0.000e+00 1.000e+00 1.000e+00 1.000e+00
-16.6735 6.855e+03 4.284e+04 5.821e+03 1.275e+03 0.000e+00 1.000e+00 1.000e+00 1.000e+00
-16.5147 7.535e+03 4.709e+04 6.423e+03 1.368e+03 0.000e+00 1.000e+00 1.000e+00 1.000e+00
-16.3559 8.264e+03 5.165e+04 7.072e+03 1.462e+03 0.000e+00 1.000e+00 1.000e+00 1.000e+00
-16.1971 9.043e+03 5.652e+04 7.771e+03 1.555e+03 0.000e+00 1.000e+00 1.000e+00 1.000e+00
-16.0382 9.871e+03 6.169e+04 8.521e+03 1.647e+03 0.000e+00 1.000e+00 1.000e+00 1.000e+00
-15.8794 1.075e+04 6.717e+04 9.321e+03 1.735e+03 0.000e+00 1.000e+00 1.000e+00 1.000e+00
-15.7206 1.167e+04 7.294e+04 1.017e+04 1.818e+03 0.000e+00 1.000e+00 1.000e+00 1.000e+00
-15.5618 1.264e+04 7.898e+04 1.107e+04 1.894e+03 0.000e+00 1.000e+00 1.000e+00 1.000e+00
-15.4029 1.365e+04 8.529e+04 1.202e+04 1.961e+03 0.000e+00 1.000e+00 1.000e+00 1.000e+00
-15.2441 1.469e+04 9.182e+04 1.302e+04 2.017e+03 0.000e+00 1.000e+00 1.000e+00 1.000e+00
-15.0853 1.577e+04 9.855e+04 1.406e+04 2.059e+03 0.000e+00 1.000e+00 1.000e+00 1.000e+00
-14.9265 1.687e+04 1.054e+05 1.514e+04 2.085e+03 0.000e+00 1.000e+00 1.000e+00 1.000e+00
-14.7676 1.799e+04 1.124e+05 1.625e+04 2.093e+03 0.000e+00 1.000e+00 1.000e+00 1.000e+00
-14.6088 1.912e+04 1.195e+05 1.738e+04 2.081e+03 0.000e+00 1.000e+00 1.000e+00 1.000e+00
-14.4500 2.025e+04 1.266e+05 1.854e+04 2.045e+03 0.000e+00 1.000e+00 1.000e+00 1.000e+00
-14.2912 2.137e+04 1.336e+05 1.970e+04 1.986e+03 0.000e+00 1.000e+00 1.000e+00 1.000e+00
-14.1324 2.247e+04 1.404e+05 2.087e+04 1.901e+03 0.000e+00 1.000e+00 1.000e+00 1.000e+00
-13.9735 2.353e+04 1.470e+05 2.202e+04 1.788e+03 0.000e+00 1.000e+00 1.000e+00 1.000e+00
-13.8147 2.454e+04 1.534e+05 2.315e+04 1.648e+03 0.000e+00 1.000e+00 1.000e+00 1.000e+00
-13.6559 2.549e+04 1.593e+05 2.424e+04 1.479e+03 0.000e+00 1.000e+00 1.000e+00 1.000e+00
-13.4971 2.637e+04 1.648e+05 2.527e+04 1.283e+03 0.000e+00 1.000e+00 1.000e+00 1.000e+00
-13.3382 2.716e+04 1.697e+05 2.623e+04 1.062e+03 0.000e+00 1.000e+00 1.000e+00 1.000e+00
-13.1794 2.784e+04 1.740e+05 2.708e+04 8.167e+02 0.000e+00 1.000e+00 1.000e+00 1.000e+00
-13.0206 2.841e+04 1.775e+05 2.783e+04 5.520e+02 0.000e+00 1.000e+00 1.000e+00 1.000e+00
-12.8618 2.885e+04 1.803e+05 2.847e+04 2.778e+02 0.000e+00 1.000e+00 1.000e+00 1.000e+00
-12.7029 2.915e+04 1.822e+05 2.909e+04 1.277e+02 0.000e+00 1.000e+00 1.000e+00 1.000e+00
-12.5441 2.930e+04 1.831e+05 2.956e+04 3.817e+02 0.000e+00 1.000e+00 1.000e+00 1.000e+00
-12.3853 2.930e+04 1.831e+05 2.982e+04 6.914e+02 0.000e+00 1.000e+00 1.000e+00 1.000e+00
-12.2265 2.914e+04 1.821e+05 2.992e+04 1.006e+03 0.000e+00 1.000e+00 1.000e+00 1.000e+00
-12.0676 2.881e+04 1.801e+05 2.985e+04 1.317e+03 0.000e+00 1.000e+00 1.000e+00 1.000e+00
-11.9088 2.831e+04 1.770e+05 2.960e+04 1.617e+03 0.000e+00 1.000e+00 1.000e+00 1.000e+00
-11.7500 2.765e+04 1.728e+05 2.918e+04 1.899e+03 0.000e+00 1.000e+00 1.000e+00 1.000e+00
-11.5912 2.683e+04 1.677e+05 2.857e+04 2.159e+03 0.000e+00 1.000e+00 1.000e+00 1.000e+00
-11.4324 2.585e+04 1.616e+05 2.779e+04 2.389e+03 0.000e+00 1.000e+00 1.000e+00 1.000e+00
-11.2735 2.473e+04 1.546e+05 2.683e+04 2.586e+03 0.000e+00 1.000e+00 1.000e+00 1.000e+00
-11.1147 2.348e+04 1.467e+05 2.571e+04 2.744e+03 0.000e+00 1.000e+00 1.000e+00 1.000e+00
-10.9559 2.211e+04 1.382e+05 2.444e+04 2.858e+03 0.000e+00 1.000e+00 1.000e+00 1.000e+00
-10.7971 2.064e+04 1.290e+05 2.303e+04 2.927e+03 0.000e+00 1.000e+00 1.000e+00 1.000e+00
-10.6382 1.908e+04 1.193e+05 2.150e+04 2.949e+03 0.000e+00 1.000e+00 1.000e+00 1.000e+00
-10.4794 1.747e+04 1.092e+05 1.987e+04 2.922e+03 0.000e+00 1.000e+00 1.000e+00 1.000e+00
-10.3206 1.583e+04 9.891e+04 1.817e+04 2.849e+03 0.000e+00 1.000e+00 1.000e+00 1.000e+00
-10.1618 1.417e+04 8.859e+04 1.643e+04 2.732e+03 0.000e+00 1.000e+00 1.000e+00 1.000e+00
-10.0029 1.255e+04 7.841e+04 1.467e+04 2.578e+03 0.000e+00 1.000e+00 1.000e+00 1.000e+00
-9.8441 1.096e+04 6.852e+04 1.294e+04 2.392e+03 0.000e+00 1.000e+00 1.000e+00 1.000e+00
-9.6853 9.453e+03 5.908e+04 1.126e+04 2.183e+03 0.000e+00 1.000e+00 1.000e+00 1.000e+00
-9.5265 8.036e+03 5.023e+04 9.662e+03 1.959e+03 0.000e+00 1.000e+00 1.000e+00 1.000e+00
-9.3676 6.730e+03 4.206e+04 8.166e+03 1.727e+03 0.000e+00 1.000e+00 1.000e+00 1.000e+00
-9.2088 5.546e+03 3.466e+04 6.792e+03 1.495e+03 0.000e+00 1.000e+00 1.000e+00 1.000e+00
-9.0500 4.493e+03 2.808e+04 5.554e+03 1.271e+03 0.000e+00 1.000e+00 1.000e+00 1.000e+00
-8.8912 3.573e+03 2.233e+04 4.459e+03 1.059e+03 0.000e+00 1.000e+00 1.000e+00 1.000e+00
-8.7324 2.784e+03 1.740e+04 3.508e+03 8.646e+02 0.000e+00 1.000e+00 1.000e+00 1.000e+00
-8.5735 2.120e+03 1.325e+04 2.699e+03 6.896e+02 0.000e+00 1.000e+00 1.000e+00 1.000e+00
-8.4147 1.574e+03 9.835e+03 2.024e+03 5.358e+02 0.000e+00 1.000e+00 1.000e+00 1.000e+00
-8.2559 1.134e+03 7.087e+03 1.474e+03 4.042e+02 0.000e+00 1.000e+00 1.000e+00 1.000e+00
-8.0971 7.895e+02 4.935e+03 1.038e+03 2.945e+02 0.000e+00 1.000e+00 1.000e+00 1.000e+00
-7.9382 5.287e+02 3.304e+03 7.054e+02 2.062e+02 0.000e+00 1.000e+00 1.000e+00 1.000e+00
-7.7794 3.383e+02 2.114e+03 4.585e+02 1.379e+02 0.000e+00 1.000e+00 1.000e+00 1.000e+00
-7.6206 2.054e+02 1.284e+03 2.830e+02 8.746e+01 0.000e+00 1.000e+00 1.000e+00 1.000e+00
-7.4618 1.173e+02 7.334e+02 1.645e+02 5.213e+01 0.000e+00 1.000e+00 1.000e+00 1.000e+00
-7.3029 6.251e+01 3.907e+02 8.925e+01 2.896e+01 0.000e+00 1.000e+00 1.000e+00 1.000e+00
-7.1441 3.066e+01 1.916e+02 4.462e+01 1.478e+01 0.000e+00 1.000e+00 1.000e+00 1.000e+00
-6.9853 1.369e+01 8.557e+01 2.032e+01 6.859e+00 0.000e+00 1.000e+00 1.000e+00 1.000e+00
-6.8265 5.495e+00 3.435e+01 8.322e+00 2.854e+00 0.000e+00 1.000e+00 1.000e+00 1.000e+00
-6.6676 1.955e+00 1.222e+01 3.025e+00 1.051e+00 0.000e+00 1.000e+00 1.000e+00 1.000e+00
-6.5088 6.055e-01 3.784e+00 9.559e-01 3.355e-01 0.000e+00 1.000e+00 1.000e+00 1.000e+00
-6.3500 1.620e-01 1.013e+00 2.613e-01 9.242e-02 0.000e+00 1.000e+00 1.000e+00 1.000e+00
-6.1912 3.666e-02 2.291e-01 6.033e-02 2.141e-02 0.000e+00 1.000e+00 1.000e+00 1.000e+00
-6.0324 7.045e-03 4.403e-02 1.180e-02 4.194e-03 0.000e+00 1.000e+00 1.000e+00 1.000e+00
-5.8735 1.163e-03 7.268e-03 1.980e-03 7.044e-04 0.000e+00 1.000e+00 1.000e+00 1.000e+00
-5.7147 1.634e-04 1.021e-03 2.838e-04 1.011e-04 0.000e+00 1.000e+00 1.000e+00 1.000e+00
-5.5559 1.799e-05 1.125e-04 3.221e-05 1.143e-05 0.000e+00 1.000e+00 1.000e+00 1.000e+00
-5.3971 1.298e-06 8.112e-06 2.426e-06 8.459e-07 0.000e+00 1.000e+00 1.000e+00 1.000e+00
-5.2382 4.774e-08 2.983e-07 9.435e-08 3.161e-08 0.000e+00 1.000e+00 1.000e+00 1.000e+00
-5.0794 6.247e-10 3.904e-09 1.326e-09 4.127e-10 0.000e+00 1.000e+00 1.000e+00 1.000e+00
